8.46292	0.243462	-3.03909	-0.087429	8.46292	0.243462	8.6	0.25	-3.00029	0
8.4473	0.251473	-1.09148	0.0894658	8.44818	0.251553	8.45	0.25	-3.00027	0
8.50551	0.288837	-0.02876	0.681252	8.56759	0.241943	8.45	0.25	0	0
8.48926	0.255677	-0.0116372	0.0250341	8.45582	0.253997	8.45	0.25	0	0
8.40397	0.253165	-1.41656	-0.0487761	8.42544	0.254042	8.35	0.25	-1.81979	0
8.30836	0.250894	-1.42446	-0.0429047	8.23962	0.24916	8.25	0.25	-1.81978	0
8.07929	0.24066	-3.21371	-0.117854	7.93286	0.188391	8.05	0.2	-3.99976	-0.99994
7.90785	0.184389	-3.21464	-0.326841	7.84073	0.159858	7.85	0.15	-3.99972	-0.99993
7.72915	0.167436	-3.2206	-0.327055	7.61269	0.155818	7.7	0.15	-2.99982	0
7.56457	0.156411	-3.22356	-0.308615	7.54016	0.159641	7.55	0.15	-2.99982	0
7.46771	0.132652	-2.2285	-0.322851	7.50815	0.0953827	7.45	0.100001	-1.8165	-0.908239
7.3453	0.0715818	-2.22749	-0.449379	7.3426	0.0345312	7.35	0.0500011	-1.81648	-0.90823
7.19051	0.0528836	-2.65522	-0.429977	7.20598	0.00492725	7.2	9.49949e-07	-2.72851	-0.909507
7.04564	-0.0118184	-2.65497	-0.540424	7.05406	-0.0533413	7.05	-0.0499992	-2.72849	-0.909499
6.94046	-0.0545895	-1.92277	-0.588391	6.74585	-0.143185	6.95	-0.15	-1.81898	-1.81898
6.8356	-0.167328	-1.9264	-0.797368	6.84972	-0.258748	6.85	-0.25	-1.81896	-1.81897
6.72724	-0.20599	-2.02081	-0.790084	6.66966	-0.346668	6.75	-0.349999	-2.00076	-2.00075
6.62546	-0.340256	-2.03344	-1.03529	6.64329	-0.462604	6.65	-0.449999	-2.00076	-2.00075
6.59211	-0.427785	-1.19999	-1.19795	6.60862	-0.557035	6.6	-0.549999	-0.998836	-1.99769
6.53119	-0.555727	-1.21425	-1.37437	6.56029	-0.650892	6.55	-0.65	-0.99884	-1.99769
6.49917	-0.658724	-0.696897	-1.51122	6.40696	-0.842921	6.5	-0.85	-0.908747	-3.63498
6.45035	-0.873152	-0.74657	-1.85336	6.45805	-1.05268	6.45	-1.05	-0.908739	-3.63494
6.37002	-0.94066	-1.30658	-1.66078	6.38626	-1.15695	6.35	-1.15	-1.81897	-1.81898
6.28337	-1.12566	-1.36361	-1.90492	6.25499	-1.25007	6.25	-1.25	-1.81896	-1.81896
6.36362	-1.36506	0.557214	-2.68031	6.43125	-1.48148	6.3	-1.45	0.909739	-3.63894
6.38147	-1.5744	0.510171	-2.84148	6.36328	-1.65656	6.35	-1.65	0.909727	-3.63891
6.34087	-1.62877	-0.439743	-2.31327	6.3228	-1.81431	6.3	-1.8	-0.999494	-2.9985
6.29415	-1.8319	-0.526696	-2.53851	6.24641	-1.95075	6.25	-1.95	-0.999489	-2.99847
6.33584	-2.04074	0.436499	-3.08815	6.31851	-2.10969	6.3	-2.1	0.999984	-2.99994
6.3522	-2.21264	0.417463	-3.13293	6.34644	-2.23829	6.35	-2.25	0.999979	-2.99994
6.34899	-2.34692	0.0202005	-2.87004	6.32593	-2.40018	6.35	-2.4	0	-2.72613
6.34455	-2.52258	-6.21067e-05	-2.91475	6.34927	-2.55175	6.35	-2.55	0	-2.72611
6.38122	-2.72638	0.486589	-3.23728	6.43125	-2.71878	6.4	-2.7	0.909499	-2.72851
6.4194	-2.87824	0.522892	-3.17114	6.43257	-2.84245	6.45	-2.85	0.909503	-2.72851
6.43045	-3.01495	0.27528	-2.99152	6.46536	-3.00452	6.45	-3	0	-2.99754
6.44586	-3.15976	0.281368	-2.97941	6.44119	-3.14955	6.45	-3.15	0	-2.99754
6.48654	-3.35573	0.641909	-3.24896	6.52249	-3.32007	6.5	-3.3	0.910402	-2.7312
6.53682	-3.50405	0.688292	-3.17316	6.5453	-3.45745	6.55	-3.45	0.910402	-2.7312
6.59609	-3.70782	1.02251	-3.43386	6.6358	-3.59197	6.65	-3.6	1.81722	-2.72583
6.69277	-3.8315	1.13871	-3.26842	6.76011	-3.75457	6.75	-3.75	1.81721	-2.72581
6.74013	-3.99071	0.876827	-3.06265	6.83625	-3.92723	6.8	-3.9	0.907988	-2.72396
6.81762	-4.11385	0.959794	-2.94707	6.85997	-4.05805	6.85	-4.05	0.907976	-2.72393
6.86178	-4.26805	0.878395	-2.88397	6.86943	-4.18507	6.9	-4.2	0.909334	-2.72801
6.92985	-4.39411	0.935534	-2.80161	6.94332	-4.34473	6.95	-4.35	0.90933	-2.72799
6.9582	-4.51947	0.561472	-2.49962	7.05156	-4.49706	7	-4.45	0.910054	-1.8201
7.01704	-4.61344	0.640915	-2.38943	7.04099	-4.55018	7.05	-4.55	0.910054	-1.8201
7.0677	-4.76116	0.859187	-2.56302	7.10252	-4.67934	7.1	-4.7	0.908302	-2.72489
7.12841	-4.88358	0.895878	-2.51512	7.14735	-4.86125	7.15	-4.85	0.908297	-2.72489
7.22082	-5.06694	1.41512	-2.94578	7.3138	-5.05204	7.25	-5	1.81907	-2.72861
7.31264	-5.20424	1.45699	-2.88395	7.30424	-5.15404	7.35	-5.15	1.81907	-2.72861
7.3655	-5.33631	1.1937	-2.6603	7.29446	-5.23429	7.4	-5.3	0.908194	-2.7246
7.43975	-5.4707	1.21745	-2.62956	7.44737	-5.45308	7.45	-5.45	0.90819	-2.72457
7.51271	-5.61903	1.21687	-2.62834	7.63082	-5.61863	7.55	-5.55	1.81974	-1.81974
7.6101	-5.72263	1.3007	-2.5239	7.64356	-5.66706	7.65	-5.65	1.81972	-1.81972
7.66665	-5.84879	1.20119	-2.44	7.60376	-5.74774	7.7	-5.8	0.90983	-2.72951
7.73813	-5.97375	1.21731	-2.41717	7.7342	-5.95374	7.75	-5.95	0.909826	-2.72948
7.84371	-6.14354	1.85334	-2.97496	7.82165	-6.06822	7.85	-6.1	1.9986	-2.9979
7.94927	-6.27451	1.88926	-2.92951	7.95703	-6.24328	7.95	-6.25	1.99858	-2.99787
8.02994	-6.40758	1.46492	-2.55113	8.17338	-6.44684	8.05	-6.35	1.81738	-1.81739
8.13772	-6.5118	1.53987	-2.45877	8.15891	-6.45335	8.15	-6.45	1.81737	-1.81737
8.20132	-6.62904	1.39683	-2.33559	8.08628	-6.51855	8.2	-6.6	0.909293	-2.72787
8.27444	-6.75891	1.38875	-2.34042	8.25411	-6.74791	8.25	-6.75	0.909293	-2.72787
8.3483	-6.88731	1.46538	-2.40954	8.25648	-6.78122	8.35	-6.85	1.81994	-1.81993
8.44345	-6.99888	1.50652	-2.35689	8.44494	-6.95805	8.45	-6.95	1.81993	-1.81993
8.50522	-7.10506	1.44241	-2.29992	8.39359	-7.01743	8.5	-7.1	1.00006	-3.00018
8.56686	-7.23175	1.4148	-2.33057	8.54925	-7.24433	8.55	-7.25	1.00006	-3.00018
8.67149	-7.38555	1.87686	-2.75884	8.64403	-7.39047	8.65	-7.4	1.99807	-2.99712
8.75563	-7.5338	1.85142	-2.7858	8.73559	-7.5421	8.75	-7.55	1.99808	-2.99712
8.81586	-7.6386	1.21817	-2.18694	8.87176	-7.71912	8.8	-7.65	0.909955	-1.8199
8.87487	-7.76428	1.199	-2.20268	8.84538	-7.75497	8.85	-7.75	0.909946	-1.81988
8.95026	-7.89199	1.4378	-2.42934	8.88333	-7.88636	8.9	-7.9	0.999086	-2.9973
9.0037	-8.03098	1.39035	-2.47609	8.95966	-8.0381	8.95	-8.05	0.999095	-2.9973
9.03566	-8.11824	0.942999	-2.03756	8.8564	-8.01424	9	-8.15	0.909309	-1.8186
9.07851	-8.23882	0.919686	-2.06027	9.05896	-8.24314	9.05	-8.25	0.909301	-1.81859
9.1585	-8.37977	1.30961	-2.44519	9.17781	-8.47056	9.1	-8.4	1.0004	-3.00119
9.19932	-8.52652	1.245	-2.50983	9.15332	-8.54857	9.15	-8.55	1.00038	-3.00117
9.24262	-8.6327	0.881017	-2.13662	9.22922	-8.6898	9.2	-8.65	0.909508	-1.819
9.27671	-8.76315	0.843884	-2.17122	9.24541	-8.76863	9.25	-8.75	0.9095	-1.81899
9.40451	-8.97637	1.97437	-3.34172	9.37748	-9.00609	9.35	-8.95	1.99965	-3.99928
9.48798	-9.15578	1.93568	-3.3754	9.44703	-9.15328	9.45	-9.15	1.99964	-3.99928
9.5281	-9.25064	1.16991	-2.55415	9.50096	-9.25642	9.5	-9.25	0.999584	-1.99917
9.58026	-9.37953	1.1562	-2.55998	9.54157	-9.35195	9.55	-9.35	0.999584	-1.99917
9.6165	-9.4828	0.963762	-2.35539	9.47534	-9.42627	9.55	-9.5	0	-3.00023
9.62783	-9.63264	0.868211	-2.44108	9.54779	-9.64959	9.55	-9.65	0	-3.0002
9.69313	-9.78334	1.11915	-2.72015	9.69942	-9.88416	9.6	-9.8	0.999005	-2.997
9.7213	-9.9406	1.04844	-2.77817	9.64606	-9.9341	9.65	-9.95	0.998995	-2.997
9.74368	-10.0464	0.664556	-2.34105	9.60087	-9.96395	9.7	-10.05	0.909855	-1.81969
9.77561	-10.1738	0.655344	-2.34062	9.73801	-10.1396	9.75	-10.15	0.909847	-1.81969
9.82604	-10.3116	0.765407	-2.46519	9.92627	-10.4745	9.75	-10.3	0	-3.00065
9.82969	-10.4628	0.675638	-2.54001	9.75524	-10.4732	9.75	-10.45	0	-3.00063
9.86844	-10.6084	0.818439	-2.70987	9.71825	-10.5087	9.8	-10.6	0.90817	-2.72451
9.8976	-10.7675	0.778487	-2.73792	9.85048	-10.7526	9.85	-10.75	0.908161	-2.72448
9.91877	-10.8861	0.475312	-2.3724	9.88465	-10.9383	9.85	-10.9	0	-2.73074
9.91073	-11.0417	0.387043	-2.44024	9.83614	-11.041	9.85	-11.05	0	-2.73073
9.93345	-11.1701	0.475053	-2.55006	9.83952	-11.1692	9.85	-11.2	0	-2.99965
9.9179	-11.3289	0.371889	-2.63244	9.84568	-11.3496	9.85	-11.35	0	-2.99961
9.9393	-11.4644	0.386707	-2.65158	9.87961	-11.5637	9.85	-11.5	0	-2.99843
9.91843	-11.6261	0.282304	-2.72964	9.83206	-11.6307	9.85	-11.65	0	-2.99843
9.89592	-11.695	-0.326399	-1.9119	9.85311	-11.8523	9.8	-11.75	-1.0003	-2.00061
9.83479	-11.8241	-0.444206	-2.00032	9.74928	-11.8442	9.75	-11.85	-1.00029	-2.00059
9.82443	-11.9474	-0.224889	-2.30285	9.69694	-11.9706	9.7	-12	-1.0004	-3.00119
9.75432	-12.1076	-0.381061	-2.41973	9.65354	-12.1497	9.65	-12.15	-1.00039	-3.00116
9.72562	-12.2031	-0.638826	-2.0432	9.72311	-12.3964	9.6	-12.25	-0.999885	-1.99981
9.64578	-12.3381	-0.764515	-2.12967	9.54859	-12.3478	9.55	-12.35	-0.999884	-1.99979
9.58066	-12.3912	-1.11208	-1.60646	9.39039	-12.3902	9.45	-12.45	-1.99803	-1.99805
9.46512	-12.5142	-1.27118	-1.71639	9.36086	-12.5501	9.35	-12.55	-1.99804	-1.99804
9.40393	-12.6272	-1.15172	-1.90407	9.34456	-12.7106	9.3	-12.65	-0.909773	-1.81953
9.29982	-12.7577	-1.25913	-1.97169	9.22134	-12.7613	9.25	-12.75	-0.909773	-1.81954
9.20585	-12.7749	-1.862	-0.979678	9.15326	-13.0031	9.05	-12.85	-3.99257	-1.99629
9.00962	-12.8926	-2.13648	-1.15502	8.84161	-12.9519	8.85	-12.95	-3.99253	-1.99627
8.88807	-12.9484	-2.15172	-1.1277	8.71632	-12.9613	8.75	-13	-1.8213	-0.910651
8.73087	-13.0339	-2.25538	-1.18832	8.66358	-13.0431	8.65	-13.05	-1.8213	-0.910651
8.60952	-13.0637	-2.44701	-0.83046	8.54518	-13.1702	8.5	-13.1	-2.997	-0.999005
8.4379	-13.1348	-2.57814	-0.90522	8.35763	-13.1557	8.35	-13.15	-2.997	-0.998995
8.28126	-13.1313	-2.87434	-0.317466	8.22926	-13.1698	8.2	-13.15	-2.72741	0
8.09383	-13.1631	-2.95139	-0.355139	8.03583	-13.1513	8.05	-13.15	-2.72742	0
7.92343	-13.1646	-2.99945	-0.258177	7.82914	-13.0525	7.9	-13.15	-2.72986	0
7.76314	-13.1753	-2.98691	-0.250211	7.76538	-13.1647	7.75	-13.15	-2.72986	0
7.62971	-13.2417	-2.73772	-0.788417	7.66146	-13.3079	7.6	-13.2	-2.9979	-0.999304
7.48185	-13.2831	-2.76464	-0.796319	7.44786	-13.2517	7.45	-13.25	-2.9979	-0.999304
7.31136	-13.2619	-3.01631	-0.211178	7.21108	-13.0985	7.3	-13.25	-2.72846	0
7.15589	-13.2658	-2.98742	-0.193864	7.16011	-13.2382	7.15	-13.25	-2.72844	0
6.98082	-13.1893	-3.3163	0.588286	6.88472	-12.9588	7	-13.2	-2.99784	0.999284
6.82831	-13.1535	-3.28057	0.604145	6.84891	-13.1493	6.85	-13.15	-2.99784	0.999284
6.65369	-13.1309	-3.27362	0.59079	6.77424	-13.2337	6.7	-13.1	-2.72787	0.909275
6.50838	-13.0822	-3.18123	0.630712	6.55759	-13.0679	6.55	-13.05	-2.72787	0.909284
6.34305	-13.0921	-2.99262	0.141075	6.40137	-13.0799	6.4	-13.05	-2.72678	0
6.21363	-13.0685	-2.89893	0.179975	6.26174	-13.0534	6.25	-13.05	-2.72678	0
6.04858	-13.0278	-3.02483	0.526324	6.10143	-13.0076	6.1	-13	-2.72966	0.909888
5.91155	-12.984	-2.94604	0.561021	5.94198	-12.9494	5.95	-12.95	-2.72963	0.90988
5.7474	-12.8636	-3.30887	1.60496	5.79854	-12.8478	5.8	-12.85	-2.99777	1.99851
5.61355	-12.7683	-3.22349	1.63992	5.65107	-12.7365	5.65	-12.75	-2.99778	1.99852
5.44369	-12.736	-2.96553	0.873445	5.50547	-12.5721	5.55	-12.7	-1.81798	0.908995
5.34535	-12.6635	-2.79418	0.93411	5.43839	-12.652	5.45	-12.65	-1.81799	0.908995
5.18017	-12.5518	-3.01186	1.59926	5.27506	-12.4782	5.3	-12.55	-2.72627	1.81753
5.05909	-12.4501	-2.8951	1.63505	5.1307	-12.4684	5.15	-12.45	-2.72625	1.8175
4.90432	-12.3782	-2.84353	1.47345	5.04446	-12.3808	5.05	-12.35	-1.8199	1.81989
4.82533	-12.2696	-2.63924	1.54148	4.92985	-12.2499	4.95	-12.25	-1.81991	1.8199
4.68414	-12.1612	-2.71855	1.78813	4.75061	-11.9803	4.85	-12.15	-1.99928	1.99929
4.63013	-12.0472	-2.50378	1.85258	4.75915	-12.0666	4.75	-12.05	-1.99928	1.99928
4.49057	-11.9337	-2.55932	2.02919	4.69113	-11.9084	4.7	-11.9	-0.908236	2.72471
4.47425	-11.7795	-2.23037	2.13535	4.64378	-11.7442	4.65	-11.75	-0.908231	2.7247
4.36446	-11.7071	-2.05197	1.602	4.59746	-11.6205	4.6	-11.65	-0.909847	1.81971
4.37573	-11.5796	-1.72654	1.70438	4.54975	-11.5706	4.55	-11.55	-0.909843	1.81969
4.25018	-11.3749	-2.24796	3.19611	4.47442	-11.3673	4.5	-11.35	-1.0008	4.0032
4.26246	-11.1743	-1.92087	3.3037	4.44059	-11.1496	4.45	-11.15	-1.0008	4.00321
4.20157	-11.1027	-1.40943	1.94217	4.43713	-11.024	4.45	-11.05	0	1.81614
4.26011	-10.9509	-1.0534	2.0629	4.45136	-10.93	4.45	-10.95	0	1.81612
4.19497	-10.8225	-1.14844	2.29733	4.44745	-10.786	4.45	-10.8	0	2.72555
4.26628	-10.6518	-0.798681	2.42026	4.45788	-10.6457	4.45	-10.65	0	2.72554
4.22872	-10.5306	-0.78144	2.38268	4.46329	-10.5756	4.45	-10.5	0	2.729
4.29331	-10.3611	-0.501986	2.4901	4.44057	-10.3382	4.45	-10.35	0	2.72898
4.27681	-10.2431	-0.425484	2.32746	4.51895	-10.2367	4.5	-10.2	0.908962	2.72687
4.37765	-10.0686	-0.10377	2.4588	4.54925	-10.0439	4.55	-10.05	0.908954	2.72685
4.3792	-9.9457	-0.0797502	2.41262	4.63224	-9.9707	4.6	-9.9	0.909756	2.72927
4.48418	-9.77001	0.201994	2.53662	4.63755	-9.74952	4.65	-9.75	0.909752	2.72926
4.48488	-9.61605	0.149673	2.62644	4.60757	-9.4335	4.7	-9.6	0.90859	2.72578
4.59011	-9.43531	0.395996	2.73682	4.74589	-9.4609	4.75	-9.45	0.908586	2.72576
4.64909	-9.32805	0.663457	2.30783	4.89179	-9.39473	4.85	-9.3	1.81967	2.72952
4.79179	-9.15412	0.934143	2.44686	4.94849	-9.13867	4.95	-9.15	1.81967	2.72951
4.86229	-9.05014	1.14511	2.15157	4.95209	-8.96272	5	-9.05	0.999884	1.99977
4.96106	-8.92601	1.24818	2.20523	5.04121	-8.94979	5.05	-8.95	0.999874	1.99974
5.03425	-8.81362	1.2348	2.22079	5.20806	-8.88942	5.15	-8.8	1.81805	2.72708
5.16817	-8.6566	1.40155	2.32374	5.26887	-8.63564	5.25	-8.65	1.81803	2.72705
5.27287	-8.56645	1.68136	1.98405	5.3785	-8.56768	5.35	-8.55	1.99956	1.99957
5.39308	-8.44612	1.7723	2.04611	5.44864	-8.42738	5.45	-8.45	1.99954	1.99954
5.49521	-8.34126	1.76594	2.05146	5.56465	-8.44845	5.5	-8.35	0.909045	1.81807
5.57265	-8.24002	1.71698	2.01679	5.53862	-8.24357	5.55	-8.25	0.909045	1.81808
5.65919	-8.1206	1.67629	2.06352	5.64921	-8.02513	5.7	-8.1	2.72608	2.72608
5.79123	-7.98005	1.77598	2.14144	5.85094	-7.95601	5.85	-7.95	2.72606	2.72606
5.90219	-7.86956	1.89659	2.02159	5.93492	-7.84119	5.95	-7.85	1.81801	1.81801
6.02663	-7.74428	1.94641	2.06262	6.05986	-7.73559	6.05	-7.75	1.81802	1.81801
6.13537	-7.63173	1.96074	2.04943	6.13741	-7.63243	6.15	-7.65	1.81798	1.81798
6.24282	-7.52212	1.95861	2.04283	6.25659	-7.54336	6.25	-7.55	1.81798	1.81798
6.36256	-7.41789	2.04784	1.96417	6.39143	-7.46358	6.35	-7.45	1.82027	1.82027
6.45892	-7.32695	2.00672	1.9185	6.452	-7.36418	6.45	-7.35	1.82025	1.82025
6.5891	-7.23804	2.37123	1.62101	6.47916	-7.09783	6.6	-7.25	2.99862	1.99908
6.72219	-7.14597	2.40592	1.65385	6.7556	-7.14598	6.75	-7.15	2.99862	1.99908
6.78757	-7.02508	1.83165	2.08414	6.68682	-6.93297	6.8	-7.05	0.908005	1.816
6.87555	-6.92418	1.79955	2.04609	6.86356	-6.94732	6.85	-6.95	0.908	1.81601
7.03317	-6.84061	2.33209	1.64598	7.08741	-6.92602	7	-6.85	2.72856	1.81904
7.16007	-6.75125	2.32897	1.64269	7.15695	-6.75136	7.15	-6.75	2.72854	1.81902
7.24861	-6.64965	1.91204	1.9248	7.29976	-6.68807	7.25	-6.65	1.8202	1.8202
7.35101	-6.54833	1.90504	1.91343	7.35505	-6.56058	7.35	-6.55	1.82018	1.82018
7.53631	-6.48569	2.78873	1.33659	7.53544	-6.5372	7.5	-6.5	2.99964	0.999884
7.66377	-6.43493	2.75866	1.29333	7.65664	-6.46417	7.65	-6.45	2.99964	0.999884
7.78068	-6.3509	2.45185	1.47773	7.67559	-6.34628	7.75	-6.4	1.81709	0.908549
7.88671	-6.30688	2.38124	1.37558	7.85193	-6.35845	7.85	-6.35	1.81709	0.908545
8.01575	-6.2321	2.33534	1.40272	8.03231	-6.28406	8	-6.25	2.72931	1.81954
8.14431	-6.15333	2.33635	1.40661	8.13749	-6.14586	8.15	-6.15	2.72928	1.81952
8.22322	-6.07038	1.96501	1.61495	8.21488	-6.01843	8.25	-6.05	1.99977	1.99976
8.33141	-5.97399	1.9899	1.65673	8.33626	-5.94674	8.35	-5.95	1.99977	1.99976
8.50433	-5.89881	2.66415	1.30362	8.50318	-5.89335	8.5	-5.9	2.72796	0.909326
8.64643	-5.83733	2.65218	1.2775	8.65894	-5.86309	8.65	-5.85	2.72796	0.909321
8.73199	-5.75377	2.00018	1.5986	8.77185	-5.74314	8.75	-5.75	1.81776	1.81775
8.84802	-5.65614	2.01473	1.62478	8.85444	-5.64273	8.85	-5.65	1.81774	1.81773
8.94498	-5.57614	1.91961	1.66903	9.02394	-5.6024	8.95	-5.55	1.99657	1.99656
9.04876	-5.4782	1.93864	1.70722	9.05088	-5.45385	9.05	-5.45	1.99654	1.99655
9.20738	-5.38819	2.63054	1.40772	9.04088	-5.29691	9.2	-5.4	2.72728	0.909094
9.34808	-5.31759	2.62104	1.38921	9.34223	-5.32623	9.35	-5.35	2.72727	0.90909
9.42233	-5.22872	1.8893	1.68701	9.39579	-5.21659	9.45	-5.25	1.81816	1.81815
9.53107	-5.13051	1.89968	1.70268	9.55303	-5.13194	9.55	-5.15	1.81813	1.81813
9.63437	-5.04095	1.7798	1.74831	9.75019	-5.14652	9.65	-5.05	1.82036	1.82036
9.73811	-4.93613	1.79311	1.77276	9.7586	-4.93134	9.75	-4.95	1.82036	1.82037
9.83239	-4.84035	1.67772	1.8138	9.9198	-4.86941	9.85	-4.85	1.81578	1.81577
9.92894	-4.73719	1.68597	1.82393	9.95641	-4.74358	9.95	-4.75	1.81575	1.81575
10.0034	-4.63357	1.51438	1.88239	10.0029	-4.54771	10.05	-4.6	1.82039	2.7306
10.1051	-4.49264	1.55679	1.98381	10.1428	-4.45119	10.15	-4.45	1.8204	2.7306
10.1875	-4.382	1.54907	1.98701	10.1981	-4.26556	10.25	-4.3	1.81769	2.72652
10.2989	-4.2187	1.60758	2.13336	10.3644	-4.16342	10.35	-4.15	1.81768	2.7265
10.4382	-4.10604	2.04009	2.02371	10.5985	-4.12247	10.45	-4.05	1.81792	1.81792
10.5552	-3.9764	2.05239	2.07178	10.5415	-3.9454	10.55	-3.95	1.8179	1.8179
10.6522	-3.86405	1.83806	2.1201	10.7092	-3.85166	10.65	-3.85	1.81903	1.81904
10.7539	-3.74756	1.83922	2.12025	10.7616	-3.75002	10.75	-3.75	1.81902	1.81903
10.7921	-3.63097	1.14026	2.26771	10.795	-3.60617	10.8	-3.6	0.909773	2.72931
10.8592	-3.48841	1.15091	2.31505	10.8527	-3.46164	10.85	-3.45	0.909764	2.72928
10.9714	-3.37023	1.7919	2.19682	10.9584	-3.30584	10.95	-3.3	1.99953	2.99928
11.0692	-3.22034	1.81232	2.30215	11.0447	-3.1561	11.05	-3.15	1.9995	2.99925
11.1011	-3.10081	1.04734	2.40889	11.1178	-2.98807	11.1	-3	0.907725	2.72317
11.1662	-2.92762	1.06478	2.51562	11.1427	-2.86566	11.15	-2.85	0.907708	2.72314
11.2106	-2.78804	0.974671	2.52794	11.1491	-2.68183	11.2	-2.7	0.908929	2.72678
11.2708	-2.60997	0.989284	2.63088	11.2525	-2.55311	11.25	-2.55	0.908929	2.72678
11.1934	-2.48239	-0.42357	2.75534	11.1188	-2.36202	11.2	-2.4	-0.909276	2.72782
11.1745	-2.29999	-0.41445	2.83681	11.1594	-2.25598	11.15	-2.25	-0.909276	2.72782
11.295	-2.11968	1.30959	2.71508	11.2029	-2.09837	11.25	-2.1	1.81915	2.72871
11.3664	-1.96596	1.309	2.72656	11.3525	-1.95787	11.35	-1.95	1.81913	2.72869
11.3586	-1.8333	0.449886	2.74455	11.3011	-1.79507	11.35	-1.8	0	2.73035
11.3795	-1.67993	0.444018	2.75037	11.3326	-1.67041	11.35	-1.65	0	2.73033
11.3033	-1.55501	-0.480133	2.76489	11.0622	-1.44342	11.3	-1.5	-0.999165	2.99748
11.2801	-1.39288	-0.478873	2.82738	11.2595	-1.35818	11.25	-1.35	-0.999155	2.99745
11.2289	-1.24194	-0.719178	2.82391	11.1658	-1.23674	11.2	-1.25	-0.909822	1.81964
11.184	-1.11852	-0.726474	2.73938	11.1524	-1.15803	11.15	-1.15	-0.909822	1.81964
11.0523	-0.99858	-1.67886	2.71455	10.8534	-0.929069	11.05	-0.95	-1.99817	3.99632
10.9709	-0.806662	-1.67782	2.8625	10.9584	-0.728742	10.95	-0.75	-1.99816	3.99632
10.9239	-0.63103	-1.0754	2.90866	10.8608	-0.663121	10.9	-0.649999	-0.908549	1.8171
10.8634	-0.506128	-1.07421	2.81589	10.8648	-0.553034	10.85	-0.549999	-0.908532	1.81708
10.7619	-0.369489	-1.65896	2.75796	10.8451	-0.437482	10.75	-0.45	-1.8174	1.81738
10.6685	-0.274038	-1.65517	2.60947	10.6542	-0.347474	10.65	-0.35	-1.8174	1.81738
10.4932	-0.157359	-2.67723	2.50737	10.5062	-0.245062	10.5	-0.25	-2.72796	1.81864
10.3461	-0.076782	-2.66912	2.35657	10.3438	-0.150982	10.35	-0.15	-2.72796	1.81864
10.2694	0.0657192	-2.03117	2.41892	10.4884	-0.0812124	10.25	-0.0999996	-1.81964	0.909826
10.1598	0.0908396	-2.01233	2.13531	10.1537	-0.0482457	10.15	-0.0499992	-1.81963	0.909818
10.0024	0.19606	-2.50569	2.07733	9.92588	0.00395802	10	9.49949e-07	-2.73049	0.910169
9.86835	0.190088	-2.48203	1.76148	9.85676	0.0351738	9.85	0.0500011	-2.73047	0.910161
9.70852	0.282479	-2.69612	1.7375	9.63973	0.0585714	9.7	0.0500011	-2.72439	0
9.56554	0.229341	-2.66671	1.34598	9.54669	0.0374948	9.55	0.0500011	-2.72438	0
9.40279	0.301603	-2.78387	1.33495	9.32242	0.112393	9.4	0.100001	-2.72773	0.90923
9.25382	0.278195	-2.76598	1.08005	9.24446	0.153574	9.25	0.15	-2.7277	0.909222
9.09977	0.337164	-2.75079	1.07923	9.0614	0.20077	9.1	0.2	-2.72652	0.908843
8.95123	0.336905	-2.73992	0.92221	8.94752	0.260272	8.95	0.25	-2.72653	0.908843
8.85752	0.395567	-2.09231	0.977993	8.90199	0.247143	8.85	0.25	-1.81847	0
8.74795	0.367757	-2.07465	0.763399	8.76016	0.263752	8.75	0.25	-1.81846	0
8.5284	0.395155	-3.27949	0.661227	8.46355	0.258809	8.55	0.25	-3.6326	0
8.3523	0.35312	-3.26419	0.454726	8.35367	0.252596	8.35	0.25	-3.6326	0
8.19658	0.380243	-2.84057	0.479381	8.05161	0.241868	8.2	0.25	-2.72841	0
8.04493	0.336892	-2.82727	0.295856	8.05411	0.247878	8.05	0.25	-2.72842	0
7.89552	0.352971	-2.64972	0.302366	7.78653	0.205765	7.9	0.2	-2.72708	-0.909025
7.75379	0.2711	-2.63594	0.0426554	7.74339	0.144028	7.75	0.15	-2.72705	-0.909016
7.61611	0.271159	-2.69813	0.0355928	7.77346	0.0969346	7.6	0.100001	-2.73169	-0.910554
7.47065	0.173759	-2.68945	-0.226615	7.45362	0.0452052	7.45	0.0500011	-2.73169	-0.910554
7.29939	0.165216	-2.99575	-0.223876	7.15329	0.0425189	7.3	0.0500011	-2.99789	0
7.15223	0.100704	-2.99145	-0.364633	7.16618	0.0287673	7.15	0.0500011	-2.9979	0
7.07165	0.0686621	-2.05491	-0.395423	7.17215	-0.0469302	7.05	-0.0499995	-1.81811	-1.81813
6.95946	-0.0367478	-2.05546	-0.616529	6.95426	-0.147757	6.95	-0.15	-1.8181	-1.81811
6.86028	-0.0768181	-1.86576	-0.638003	6.83008	-0.250179	6.85	-0.25	-1.81646	-1.81646
6.75763	-0.212959	-1.87312	-0.904638	6.76395	-0.345347	6.75	-0.35	-1.81645	-1.81645
6.68114	-0.273672	-1.62763	-0.946236	6.74798	-0.457727	6.65	-0.45	-1.81901	-1.819
6.58503	-0.430327	-1.65269	-1.22255	6.54569	-0.565853	6.55	-0.549999	-1.81899	-1.81898
6.56171	-0.536632	-0.855084	-1.40331	6.565	-0.754748	6.5	-0.749999	-0.909789	-3.63914
6.50092	-0.756653	-0.907986	-1.77969	6.4494	-0.940848	6.45	-0.949999	-0.909781	-3.63911
6.46302	-0.854123	-0.835051	-1.81335	6.44213	-1.11266	6.4	-1.1	-1.0002	-3.00061
6.40168	-1.07903	-0.910451	-2.16547	6.34405	-1.26138	6.35	-1.25	-1.0002	-3.00061
6.36709	-1.19746	-0.824767	-2.20886	6.39474	-1.36501	6.3	-1.35	-1.00035	-2.00072
6.31245	-1.36068	-0.868778	-2.34743	6.25356	-1.42931	6.25	-1.45	-1.00036	-2.00072
6.31965	-1.54055	-0.110094	-2.72367	6.24787	-1.61119	6.25	-1.6	0	-2.99288
6.30106	-1.71268	-0.148824	-2.81734	6.23547	-1.75335	6.25	-1.75	0	-2.99285
6.33635	-1.92072	0.411231	-3.14015	6.41111	-1.93027	6.3	-1.9	0.909739	-2.72921
6.36167	-2.07891	0.423688	-3.10378	6.34873	-2.05372	6.35	-2.05	0.909735	-2.72921
6.37311	-2.22416	0.092804	-2.89967	6.53066	-2.26346	6.35	-2.2	0	-2.72782
6.38221	-2.36752	0.109048	-2.85924	6.36917	-2.33894	6.35	-2.35	0	-2.72779
6.38364	-2.52636	0.153165	-2.89031	6.27034	-2.51837	6.35	-2.55	0	-3.63689
6.37943	-2.70988	0.116422	-2.95353	6.34287	-2.73391	6.35	-2.75	0	-3.63689
6.42307	-2.92	0.623422	-3.30967	6.45883	-2.92313	6.4	-2.9	0.908854	-2.72658
6.46014	-3.09015	0.635663	-3.28024	6.43866	-3.06257	6.45	-3.05	0.908859	-2.72658
6.49258	-3.26901	0.631228	-3.27671	6.49154	-3.20004	6.5	-3.2	0.908863	-2.72658
6.5445	-3.40979	0.687541	-3.17819	6.53579	-3.34211	6.55	-3.35	0.908855	-2.72655
6.58689	-3.58527	0.675115	-3.16556	6.70146	-3.53446	6.6	-3.5	0.908714	-2.72613
6.64647	-3.71423	0.745044	-3.05237	6.64657	-3.63945	6.65	-3.65	0.908702	-2.72611
6.69152	-3.88768	0.821403	-3.11119	6.70956	-3.81739	6.7	-3.8	0.909565	-2.72871
6.75411	-4.02446	0.875299	-3.02544	6.74885	-3.96368	6.75	-3.95	0.909561	-2.72869
6.78778	-4.17881	0.772405	-2.94485	6.73758	-4.06653	6.8	-4.1	0.908566	-2.72568
6.84965	-4.30762	0.829476	-2.8611	6.85796	-4.25464	6.85	-4.25	0.908561	-2.72569
6.93876	-4.50907	1.30478	-3.24452	7.10395	-4.49091	6.95	-4.4	1.81821	-2.72732
7.03942	-4.63889	1.38968	-3.12208	7.04679	-4.55716	7.05	-4.55	1.81822	-2.72732
7.08638	-4.78246	1.11148	-2.89408	7.02393	-4.64459	7.1	-4.7	0.91085	-2.73253
7.1595	-4.91589	1.15042	-2.83109	7.13435	-4.85502	7.15	-4.85	0.910837	-2.73251
7.20106	-5.03951	0.934942	-2.64972	7.24619	-4.97656	7.2	-4.95	1.00033	-2.00068
7.26987	-5.13244	1.00235	-2.5513	7.25317	-5.04605	7.25	-5.05	1.00033	-2.00066
7.35106	-5.29984	1.6192	-3.06972	7.22054	-5.09604	7.35	-5.2	1.9976	-2.9964
7.45033	-5.42148	1.67442	-2.98977	7.43604	-5.34825	7.45	-5.35	1.9976	-2.9964
7.48184	-5.52365	0.960064	-2.37906	7.40989	-5.38617	7.5	-5.45	0.908252	-1.8165
7.55416	-5.6246	1.01593	-2.30312	7.55662	-5.56714	7.55	-5.55	0.908244	-1.81648
7.62255	-5.77126	1.44982	-2.67068	7.39379	-5.52612	7.65	-5.7	1.81785	-2.72677
7.72867	-5.88459	1.52099	-2.58401	7.76459	-5.8425	7.75	-5.85	1.81785	-2.72677
7.77207	-5.98498	0.946176	-2.09385	7.84699	-6.00602	7.8	-5.95	0.909078	-1.81815
7.84139	-6.07744	0.993244	-2.0355	7.85921	-6.04502	7.85	-6.05	0.909073	-1.81815
7.93333	-6.22711	1.53289	-2.4959	7.89511	-6.1416	7.95	-6.2	1.8197	-2.72955
8.02674	-6.3563	1.55543	-2.47413	8.05619	-6.36041	8.05	-6.35	1.81969	-2.72953
8.13102	-6.5099	1.72545	-2.62278	8.2234	-6.53735	8.15	-6.5	1.8187	-2.72807
8.23325	-6.64738	1.74383	-2.60456	8.25446	-6.64851	8.25	-6.65	1.81869	-2.72804
8.2846	-6.74409	1.13707	-2.06666	8.32206	-6.77114	8.3	-6.75	0.908979	-1.81795
8.34358	-6.85783	1.13003	-2.06839	8.31728	-6.8399	8.35	-6.85	0.908979	-1.81795
8.4095	-6.97775	1.29346	-2.21521	8.2713	-6.91098	8.4	-7	0.909094	-2.72732
8.46208	-7.12233	1.24342	-2.27383	8.44183	-7.15372	8.45	-7.15	0.909102	-2.72732
8.55831	-7.27918	1.62718	-2.6322	8.54154	-7.25975	8.55	-7.3	1.81751	-2.72628
8.6422	-7.43526	1.60934	-2.65937	8.65899	-7.4699	8.65	-7.45	1.81752	-2.72628
8.70144	-7.54523	1.08019	-2.15633	8.83598	-7.68162	8.7	-7.55	0.908615	-1.81723
8.76662	-7.65612	1.09627	-2.13679	8.76769	-7.64094	8.75	-7.65	0.908607	-1.81721
8.85833	-7.80866	1.58383	-2.5979	8.77916	-7.72457	8.85	-7.8	1.8215	-2.73224
8.94797	-7.94931	1.5904	-2.59233	8.95669	-7.95155	8.95	-7.95	1.82148	-2.73221
9.03505	-8.08529	1.57694	-2.57895	9.1081	-8.22433	9	-8.1	0.999025	-2.99707
9.09519	-8.23226	1.52856	-2.62677	9.05476	-8.24211	9.05	-8.25	0.999015	-2.99704
9.13588	-8.32484	0.904229	-2.0066	9.13825	-8.4037	9.1	-8.35	0.908285	-1.81657
9.17212	-8.44733	0.869598	-2.03897	9.14025	-8.44981	9.15	-8.45	0.908268	-1.81655
9.24293	-8.58626	1.17913	-2.34888	9.22081	-8.59155	9.2	-8.6	0.91012	-2.73036
9.28543	-8.7379	1.12033	-2.40788	9.25031	-8.76071	9.25	-8.75	0.910112	-2.73033
9.35068	-8.875	1.17727	-2.46686	9.30208	-8.90831	9.3	-8.9	0.909524	-2.72856
9.39122	-9.03289	1.11436	-2.52583	9.34431	-9.04587	9.35	-9.05	0.909524	-2.72856
9.45542	-9.17059	1.24593	-2.66587	9.39993	-9.18842	9.4	-9.2	0.999066	-2.99725
9.48788	-9.33423	1.16611	-2.74411	9.4452	-9.37195	9.45	-9.35	0.999075	-2.99724
9.54265	-9.47318	1.07039	-2.6388	9.48751	-9.46421	9.5	-9.5	0.909706	-2.7291
9.58331	-9.63484	1.0226	-2.68241	9.55098	-9.64789	9.55	-9.65	0.909706	-2.7291
9.63442	-9.76985	1.06128	-2.7256	9.57122	-9.75525	9.6	-9.8	1.00048	-3.00143
9.66523	-9.92588	1.00288	-2.77776	9.62408	-9.94149	9.65	-9.95	1.00046	-3.00141
9.69478	-10.0378	0.793304	-2.53736	9.61433	-9.96417	9.7	-10.05	0.998785	-1.99755
9.73985	-10.1594	0.807863	-2.52353	9.7457	-10.1502	9.75	-10.15	0.998775	-1.99754
9.76465	-10.2709	0.504844	-2.17713	9.77731	-10.3295	9.75	-10.3	0	-2.72851
9.77484	-10.4098	0.456458	-2.22513	9.76557	-10.4501	9.75	-10.45	0	-2.72849
9.83269	-10.5754	0.796677	-2.62346	9.89592	-10.7137	9.8	-10.6	0.909012	-2.72704
9.86345	-10.7325	0.761374	-2.6561	9.85066	-10.7537	9.85	-10.75	0.909012	-2.72703
9.88669	-10.843	0.538528	-2.38739	9.84397	-10.9287	9.85	-10.9	0	-3.00318
9.88296	-10.9928	0.454829	-2.46437	9.85693	-11.0512	9.85	-11.05	0	-3.00316
9.90325	-11.1156	0.526338	-2.55395	9.74773	-11.0482	9.85	-11.2	0	-3.00013
9.88729	-11.2836	0.411359	-2.65572	9.84407	-11.3565	9.85	-11.35	0	-3.00012
9.91039	-11.4218	0.475591	-2.73919	9.79495	-11.4686	9.85	-11.5	0	-2.99592
9.89375	-11.5944	0.366792	-2.82967	9.83943	-11.6467	9.85	-11.65	0	-2.99592
9.867	-11.6679	-0.30337	-1.93202	9.76634	-11.6976	9.8	-11.75	-0.908731	-1.81746
9.80808	-11.8091	-0.416222	-2.02124	9.74774	-11.8511	9.75	-11.85	-0.908731	-1.81746
9.79898	-11.9411	-0.309448	-2.16708	9.7856	-12.1262	9.7	-12	-0.909591	-2.72875
9.72715	-12.103	-0.455311	-2.27703	9.64482	-12.1455	9.65	-12.15	-0.909582	-2.72873
9.70242	-12.2297	-0.431511	-2.3113	9.57233	-12.2948	9.6	-12.3	-0.908879	-2.72667
9.62292	-12.401	-0.581142	-2.42311	9.55167	-12.4583	9.55	-12.45	-0.908879	-2.72665
9.55773	-12.4664	-1.0196	-1.75675	9.37132	-12.4833	9.45	-12.55	-1.82006	-1.82006
9.44281	-12.6061	-1.1768	-1.86664	9.359	-12.6499	9.35	-12.65	-1.82005	-1.82005
9.35569	-12.6374	-1.56669	-1.24553	9.16109	-12.6848	9.2	-12.75	-3.00047	-2.00033
9.17907	-12.7682	-1.82893	-1.42034	9.028	-12.8337	9.05	-12.85	-3.00048	-2.00033
9.0655	-12.8174	-1.95714	-1.19846	8.85918	-12.7953	8.95	-12.9	-1.81543	-0.907707
8.9071	-12.9194	-2.09351	-1.28781	8.84257	-12.9684	8.85	-12.95	-1.81542	-0.907708
8.79193	-12.9925	-2.05877	-1.35029	8.66865	-13.0114	8.7	-13.05	-2.73134	-1.82089
8.62504	-13.1023	-2.2034	-1.43894	8.55319	-13.1445	8.55	-13.15	-2.73135	-1.82089
8.47631	-13.0566	-2.80078	-0.285991	8.27267	-12.996	8.4	-13.15	-2.99683	0
8.29896	-13.0969	-2.90227	-0.348462	8.25965	-13.1488	8.25	-13.15	-2.9968	0
8.14666	-13.1515	-2.6633	-0.828461	8.04571	-13.0646	8.1	-13.2	-2.72707	-0.909028
7.97762	-13.213	-2.72507	-0.866289	7.95841	-13.2508	7.95	-13.25	-2.72705	-0.90902
7.82469	-13.2305	-2.93503	-0.413397	7.86599	-13.4154	7.8	-13.25	-2.7295	0
7.65072	-13.2585	-2.96804	-0.427609	7.62489	-13.249	7.65	-13.25	-2.7295	0
7.4994	-13.2649	-3.04979	-0.243282	7.50783	-13.2944	7.5	-13.25	-2.99994	0
7.34957	-13.2732	-3.04122	-0.23548	7.3419	-13.2474	7.35	-13.25	-2.99994	0
7.16953	-13.2296	-3.30433	0.385428	7.19781	-13.1973	7.2	-13.2	-2.72698	0.908995
7.01667	-13.192	-3.22622	0.42454	7.04935	-13.1606	7.05	-13.15	-2.72695	0.908987
6.83508	-13.1637	-3.21291	0.388676	6.79473	-13.0433	6.85	-13.15	-3.63709	0
6.65319	-13.1461	-3.22743	0.380291	6.65123	-13.1604	6.65	-13.15	-3.63709	0
6.49031	-13.1019	-3.36379	0.743087	6.54114	-13.2079	6.5	-13.1	-3.0006	1.00018
6.33676	-13.057	-3.32425	0.761303	6.35317	-13.0396	6.35	-13.05	-3.0006	1.00019
6.16938	-13.0993	-2.99285	-0.150315	6.27012	-13.1139	6.25	-13.05	-1.81729	0
6.06476	-13.0804	-2.83241	-0.0846358	6.14459	-13.0471	6.15	-13.05	-1.81729	0
5.89186	-12.9872	-3.2207	1.02058	5.99498	-12.9442	6	-12.95	-2.72861	1.81906
5.78319	-12.8993	-3.03723	1.09559	5.86379	-12.8408	5.85	-12.85	-2.72861	1.81907
5.63408	-12.8516	-3.0229	1.05709	5.73761	-12.8672	5.7	-12.8	-2.99988	0.999964
5.51469	-12.7838	-2.93733	1.09213	5.55118	-12.7486	5.55	-12.75	-2.99985	0.999954
5.37224	-12.7531	-2.85099	0.829784	5.45236	-12.7392	5.45	-12.7	-2.00001	1
5.28476	-12.688	-2.70348	0.886055	5.35556	-12.6423	5.35	-12.65	-1.99998	0.999994
5.14209	-12.6013	-2.86375	1.38383	5.26451	-12.5511	5.25	-12.55	-1.99732	1.99733
5.06152	-12.5043	-2.69481	1.44846	5.13769	-12.4355	5.15	-12.45	-1.9973	1.9973
4.91931	-12.4332	-2.71373	1.51284	5.1317	-12.5744	5.05	-12.35	-1.8206	1.82059
4.84939	-12.3171	-2.50212	1.59121	4.94432	-12.2438	4.95	-12.25	-1.82058	1.82058
4.7106	-12.173	-2.76231	2.39252	4.89215	-12.1623	4.85	-12.1	-1.9998	2.99969
4.65078	-12.0223	-2.55334	2.46717	4.75047	-11.9578	4.75	-11.95	-1.9998	2.9997
4.53219	-11.9428	-2.35232	1.85223	4.6421	-11.7788	4.7	-11.85	-1.00002	2.00003
4.51041	-11.8142	-2.09768	1.94071	4.63967	-11.7513	4.65	-11.75	-1.00001	2.00002
4.39466	-11.6774	-2.26631	2.44312	4.58347	-11.632	4.6	-11.6	-0.998955	2.99688
4.39908	-11.5133	-1.95467	2.54889	4.56619	-11.4576	4.55	-11.45	-0.99896	2.99689
4.29536	-11.3719	-1.99334	2.65207	4.46846	-11.2092	4.5	-11.3	-1.00106	3.00319
4.30543	-11.1999	-1.70391	2.75342	4.46017	-11.1425	4.45	-11.15	-1.00106	3.00319
4.24217	-11.1248	-1.35762	1.83307	4.43672	-11.0976	4.45	-11.05	0	1.8168
4.27973	-10.9851	-1.06322	1.93603	4.43803	-10.9525	4.45	-10.95	0	1.81679
4.20974	-10.8523	-1.222	2.33066	4.40556	-10.7068	4.45	-10.8	0	3.00139
4.27291	-10.6926	-0.897194	2.44828	4.45507	-10.6618	4.45	-10.65	0	3.00138
4.25624	-10.6215	-0.616696	1.80401	4.44716	-10.5583	4.45	-10.55	0	2.00041
4.32008	-10.4948	-0.368522	1.90271	4.45187	-10.4417	4.45	-10.45	0	2.00038
4.28821	-10.3774	-0.471275	2.12165	4.45602	-10.2142	4.5	-10.3	0.999584	2.99875
4.38694	-10.2207	-0.150719	2.25842	4.55349	-10.1343	4.55	-10.15	0.999574	2.99871
4.366	-10.0796	-0.271876	2.49575	4.56608	-10.005	4.55	-10	0	2.72717
4.44145	-9.90317	-0.0361537	2.60352	4.55922	-9.84124	4.55	-9.85	0	2.72714
4.46084	-9.78747	0.178858	2.2027	4.62339	-9.6559	4.65	-9.7	1.8193	2.72895
4.59012	-9.61225	0.488931	2.35355	4.7439	-9.53522	4.75	-9.55	1.81929	2.72894
4.59033	-9.46734	0.315216	2.63438	4.74852	-9.27389	4.8	-9.4	1.00006	3.00019
4.70439	-9.29004	0.56807	2.76564	4.8446	-9.24095	4.85	-9.25	1.00005	3.00015
4.80181	-9.21584	1.13903	1.91771	4.98605	-9.20516	4.95	-9.15	2.00004	2.00005
4.92799	-9.08404	1.31715	2.02022	5.02283	-9.03066	5.05	-9.05	2.00004	2.00004
4.95125	-8.95432	0.92567	2.54071	5.12819	-8.95913	5.1	-8.9	0.999704	2.99911
5.05946	-8.7917	1.08445	2.64191	5.14109	-8.73073	5.15	-8.75	0.999689	2.99907
5.18543	-8.70207	1.61182	1.9633	5.33883	-8.81618	5.25	-8.65	1.81848	1.81849
5.30806	-8.57586	1.69734	2.01755	5.36408	-8.56805	5.35	-8.55	1.81846	1.81846
5.35038	-8.44363	1.35969	2.41275	5.38848	-8.31037	5.45	-8.4	2.00068	3.00103
5.46769	-8.2917	1.48428	2.50335	5.53874	-8.25196	5.55	-8.25	2.00066	3.00099
5.587	-8.18869	1.93133	2.02151	5.56632	-8.04704	5.65	-8.15	1.99952	1.99953
5.70822	-8.07108	1.99314	2.06934	5.7459	-8.05196	5.75	-8.05	1.9995	1.9995
5.77938	-7.95231	1.75001	2.30889	5.78426	-7.91676	5.8	-7.95	0.999944	1.99989
5.85467	-7.84829	1.71831	2.27829	5.84978	-7.88144	5.85	-7.85	0.999939	1.99988
5.9564	-7.741	1.88794	2.11366	5.92249	-7.69769	5.95	-7.75	1.99772	1.99772
6.04593	-7.63941	1.87537	2.10193	6.04031	-7.64732	6.05	-7.65	1.99771	1.9977
6.16175	-7.53118	1.98735	1.99892	6.16773	-7.55437	6.15	-7.55	1.8199	1.8199
6.25653	-7.43389	1.95123	1.96385	6.23866	-7.45306	6.25	-7.45	1.8199	1.81991
6.3901	-7.34534	2.38211	1.59264	6.25322	-7.17734	6.4	-7.35	2.99605	1.99736
6.52414	-7.25411	2.41814	1.62634	6.55461	-7.24907	6.55	-7.25	2.99605	1.99736
6.67168	-7.17218	2.53786	1.53181	6.67172	-7.23041	6.65	-7.2	1.8206	0.910303
6.78246	-7.11597	2.46701	1.45393	6.74664	-7.15616	6.75	-7.15	1.8206	0.910298
6.85717	-7.01962	2.0159	1.80393	6.79888	-6.99594	6.85	-7.05	1.99848	1.99848
6.95146	-6.93804	1.99881	1.78113	6.95342	-6.96092	6.95	-6.95	1.99846	1.99846
7.10398	-6.8621	2.37325	1.50135	7.17955	-6.9446	7.1	-6.85	2.72688	1.81792
7.24748	-6.76277	2.4063	1.54587	7.24929	-6.7261	7.25	-6.75	2.72688	1.81792
7.33987	-6.66784	1.96342	1.84293	7.42782	-6.72337	7.35	-6.65	1.81821	1.81821
7.45464	-6.55871	1.98004	1.86437	7.46332	-6.54842	7.45	-6.55	1.81821	1.81821
7.59232	-6.46572	2.27145	1.67639	7.54452	-6.5069	7.55	-6.5	1.81726	0.908632
7.68703	-6.41128	2.19712	1.57295	7.65373	-6.46481	7.65	-6.45	1.81726	0.908632
7.85953	-6.34559	2.68538	1.26739	7.8635	-6.45394	7.8	-6.4	2.72951	0.909839
7.98106	-6.30813	2.62213	1.17866	7.94162	-6.34466	7.95	-6.35	2.72948	0.909826
8.04371	-6.22051	2.01779	1.53829	7.89525	-6.11857	8.05	-6.25	2.00047	2.00048
8.1403	-6.14722	2.00825	1.5273	8.12355	-6.14389	8.15	-6.15	2.00048	2.00048
8.27181	-6.07065	2.21691	1.40846	8.31423	-6.05705	8.3	-6.05	2.72702	1.81801
8.40901	-5.97642	2.25256	1.45619	8.45315	-5.97158	8.45	-5.95	2.727	1.818
8.51825	-5.90319	2.21114	1.47759	8.53167	-5.90349	8.55	-5.9	2.00127	1.00064
8.63046	-5.82865	2.21457	1.48038	8.64207	-5.83392	8.65	-5.85	2.00128	1.00064
8.77738	-5.76671	2.52362	1.3275	8.88764	-5.82241	8.8	-5.75	2.99963	1.99976
8.91894	-5.67676	2.56062	1.39172	8.94256	-5.64534	8.95	-5.65	2.99961	1.99974
9.01684	-5.6075	2.11294	1.59229	9.21669	-5.64514	9.05	-5.55	1.99699	1.997
9.13909	-5.4988	2.15308	1.67026	9.15342	-5.45253	9.15	-5.45	1.997	1.99701
9.23104	-5.39923	1.93536	1.76434	9.16723	-5.29709	9.25	-5.35	1.8166	1.81659
9.34928	-5.27804	1.96437	1.82834	9.34852	-5.23619	9.35	-5.25	1.8166	1.81659
9.44367	-5.17334	1.87502	1.8647	9.39027	-5.1041	9.45	-5.15	1.8222	1.82219
9.54938	-5.06329	1.88238	1.88483	9.54207	-5.04728	9.55	-5.05	1.82219	1.82219
9.67773	-4.97308	2.26413	1.74297	9.62802	-5.02338	9.65	-5	1.99604	0.998028
9.77724	-4.91165	2.232	1.67248	9.75	-4.94288	9.75	-4.95	1.99605	0.998028
9.86266	-4.81592	1.79017	1.8281	9.88102	-4.86216	9.85	-4.85	1.81895	1.81894
9.9524	-4.73485	1.76943	1.77608	9.94502	-4.76247	9.95	-4.75	1.81894	1.81894
10.029	-4.63502	1.51218	1.86452	10.0747	-4.62454	10.05	-4.6	1.81966	2.72951
10.1262	-4.49925	1.54591	1.95342	10.1384	-4.4533	10.15	-4.45	1.81965	2.72948
10.2181	-4.39053	1.66974	1.91676	10.1743	-4.32841	10.25	-4.35	1.81908	1.81907
10.3183	-4.27031	1.68801	1.9576	10.3492	-4.25956	10.35	-4.25	1.81908	1.81907
10.4087	-4.17627	1.65277	1.96677	10.56	-4.15868	10.45	-4.1	2.00061	3.0009
10.513	-4.0257	1.70177	2.10754	10.5557	-3.96034	10.55	-3.95	2.0006	3.0009
10.6358	-3.9225	2.03123	2.03342	10.7738	-3.89129	10.65	-3.85	1.99963	1.99964
10.7456	-3.79305	2.05093	2.10697	10.7394	-3.74821	10.75	-3.75	1.99962	1.99962
10.7569	-3.692	1.0345	2.30893	10.7674	-3.58281	10.8	-3.6	0.999844	2.99952
10.8286	-3.51732	1.07819	2.46771	10.8596	-3.4348	10.85	-3.45	0.999834	2.99949
10.9486	-3.38898	1.83568	2.33546	10.9601	-3.36033	10.95	-3.35	2.00065	2.00064
11.0434	-3.26325	1.84197	2.35964	11.0504	-3.25128	11.05	-3.25	2.00064	2.00064
11.061	-3.15183	1.02279	2.47805	11.0282	-3.07488	11.1	-3.1	0.998546	2.99563
11.1237	-2.99142	1.04607	2.57574	11.1569	-2.944	11.15	-2.95	0.998526	2.9956
11.1131	-2.85765	0.246561	2.67813	11.1386	-2.78926	11.15	-2.8	0	2.73104
11.1328	-2.6853	0.259161	2.74543	11.141	-2.65084	11.15	-2.65	0	2.73102
11.1385	-2.53448	0.186265	2.75327	11.1042	-2.54354	11.15	-2.55	0	1.81785
11.1433	-2.41449	0.175045	2.66996	11.1497	-2.45904	11.15	-2.45	0	1.81785
11.2495	-2.26714	1.36524	2.56536	11.1658	-2.25651	11.25	-2.25	1.99733	3.99465
11.327	-2.1005	1.38204	2.66753	11.3591	-2.05184	11.35	-2.05	1.99733	3.99465
11.3272	-1.97138	0.519204	2.69378	11.3117	-1.92025	11.35	-1.95	0	1.81854
11.3529	-1.84164	0.514265	2.64501	11.3504	-1.8663	11.35	-1.85	0	1.81853
11.3654	-1.70026	0.283941	2.65316	11.4185	-1.70062	11.35	-1.7	0	2.72762
11.38	-1.54596	0.282429	2.67488	11.3568	-1.53205	11.35	-1.55	0	2.72762
11.3104	-1.41534	-0.65855	2.68014	11.2541	-1.38373	11.3	-1.4	-0.908846	2.72653
11.2726	-1.25807	-0.661249	2.70551	11.2429	-1.24238	11.25	-1.25	-0.908846	2.72653
11.1676	-1.12247	-1.3813	2.69492	11.0754	-1.08747	11.15	-1.1	-1.82014	2.73021
11.0901	-0.954932	-1.38461	2.74568	11.0544	-0.927069	11.05	-0.949999	-1.82013	2.73021
11.0211	-0.814428	-1.29595	2.7513	10.9247	-0.791254	11	-0.799999	-1.00036	3.00107
10.9561	-0.661733	-1.29727	2.79117	10.9434	-0.640459	10.95	-0.65	-1.00035	3.00104
10.8309	-0.540105	-1.92014	2.73584	10.7146	-0.485949	10.85	-0.5	-2.00003	3.00006
10.7363	-0.386142	-1.91984	2.78131	10.7471	-0.362528	10.75	-0.35	-2.00002	3.00003
10.6445	-0.229728	-1.79297	2.79422	10.6895	-0.304531	10.65	-0.3	-1.81779	0.908892
10.5454	-0.157356	-1.78254	2.57991	10.547	-0.266677	10.55	-0.25	-1.81778	0.908893
10.3952	-0.0523004	-2.62217	2.48396	10.5032	-0.154501	10.4	-0.15	-3.00061	2.00041
10.2635	0.0219252	-2.61531	2.35217	10.2485	-0.0475524	10.25	-0.0499992	-3.0006	2.00041
10.1701	0.151695	-2.1268	2.40923	10.1407	-0.0721585	10.15	-0.0499992	-1.99645	0
10.0649	0.138337	-2.10301	2.05571	10.0313	-0.0518611	10.05	-0.0499992	-1.99644	0
9.92763	0.239608	-2.52274	2.00257	10.0898	-0.00166396	9.9	9.49949e-07	-2.73175	0.910584
9.79103	0.221651	-2.50042	1.66531	9.74695	0.0464954	9.75	0.0500011	-2.73174	0.910584
9.62126	0.298088	-2.93761	1.62281	9.50401	0.0833188	9.6	0.100001	-2.99544	0.998471
9.47741	0.283666	-2.9191	1.37039	9.45825	0.149456	9.45	0.15	-2.99545	0.998471
9.36564	0.370194	-2.18891	1.43998	9.22819	0.16178	9.35	0.15	-1.81963	0
9.252	0.317453	-2.16156	1.09252	9.24456	0.139817	9.25	0.15	-1.81962	0
9.09031	0.364351	-2.79571	1.03898	9.0729	0.205961	9.1	0.2	-3.00059	1.0002
8.95506	0.346871	-2.78073	0.855994	8.96281	0.250937	8.95	0.25	-3.0006	1.0002
8.80881	0.387211	-2.89713	0.84348	8.84168	0.257617	8.8	0.25	-2.99995	0
8.66729	0.353422	-2.88361	0.642839	8.65606	0.24536	8.65	0.25	-2.99994	0
8.51718	0.385065	-2.87731	0.64104	8.43549	0.247188	8.5	0.25	-2.99323	0
8.37411	0.349376	-2.86862	0.4616	8.34184	0.250769	8.35	0.25	-2.9932	0
8.23409	0.37481	-2.68218	0.470631	8.27073	0.243988	8.2	0.25	-2.73233	0
8.08603	0.342549	-2.67853	0.316826	8.03847	0.260731	8.05	0.25	-2.73234	0
7.94291	0.356058	-2.82295	0.304554	7.98053	0.204587	7.9	0.2	-3.00234	-1.00078
7.80095	0.280248	-2.81681	0.0635353	7.73327	0.149199	7.75	0.15	-3.00231	-1.00077
7.62895	0.283346	-3.04812	0.0553946	7.46173	0.143776	7.6	0.15	-2.99599	0
7.47696	0.230052	-3.04418	-0.0930096	7.45455	0.149294	7.45	0.15	-2.99596	0
7.38486	0.220665	-2.10553	-0.0826745	7.37986	0.0951006	7.35	0.100001	-1.81801	-0.908998
7.27107	0.147979	-2.10045	-0.262702	7.26713	0.055036	7.25	0.0500011	-1.81801	-0.908998
7.12861	0.135277	-2.60285	-0.260747	7.32548	-0.0461763	7.1	-0.0499995	-2.72495	-1.81664
6.98347	0.0122098	-2.6064	-0.548308	6.93127	-0.133333	6.95	-0.15	-2.72492	-1.81662
6.96188	-0.0482878	-1.27937	-0.649677	7.09668	-0.264116	6.9	-0.25	-0.910634	-1.82126
6.88864	-0.195785	-1.2907	-0.945316	6.84796	-0.34284	6.85	-0.35	-0.910622	-1.82124
6.71094	-0.197318	-2.61251	-0.749357	6.64638	-0.45061	6.7	-0.45	-2.99641	-1.99759
6.57495	-0.361953	-2.63804	-1.08529	6.54772	-0.536719	6.55	-0.549999	-2.99637	-1.99757
6.53561	-0.479106	-1.3174	-1.35296	6.50462	-0.718	6.5	-0.7	-0.909955	-2.72986
6.45603	-0.680363	-1.35401	-1.68724	6.45451	-0.851695	6.45	-0.85	-0.909955	-2.72986
6.43122	-0.802681	-0.834987	-1.8654	6.42547	-0.999512	6.4	-1	-0.999224	-2.99766
6.37668	-1.00673	-0.890342	-2.1557	6.3554	-1.1624	6.35	-1.15	-0.99921	-2.99763
6.31662	-1.12331	-0.906367	-2.15411	6.14523	-1.27904	6.3	-1.3	-0.908722	-2.72618
6.25121	-1.33111	-0.968711	-2.38637	6.2299	-1.45381	6.25	-1.45	-0.908718	-2.72616
6.3005	-1.57373	0.338948	-3.0259	6.37158	-1.60661	6.3	-1.6	0.910485	-2.73144
6.32068	-1.74252	0.34035	-3.03198	6.34473	-1.75136	6.35	-1.75	0.910481	-2.73144
6.32492	-1.87627	0.142168	-2.91545	6.34	-1.88987	6.35	-1.9	0	-2.99515
6.33322	-2.02619	0.141835	-2.92456	6.35828	-2.03886	6.35	-2.05	0	-2.99515
6.34425	-2.18341	0.0688624	-2.87874	6.45002	-2.23466	6.35	-2.2	0	-2.72856
6.34726	-2.34216	0.0672197	-2.88018	6.34057	-2.34076	6.35	-2.35	0	-2.72854
6.3956	-2.54738	0.599806	-3.21253	6.4979	-2.56206	6.4	-2.5	0.908227	-2.7247
6.44107	-2.69343	0.639845	-3.13426	6.45265	-2.65056	6.45	-2.65	0.908223	-2.72467
6.43473	-2.8127	0.0201615	-2.71365	6.46538	-2.81029	6.45	-2.8	0	-2.72732
6.44196	-2.95087	0.0377799	-2.68532	6.45762	-2.94003	6.45	-2.95	0	-2.7273
6.48413	-3.15204	0.730703	-3.16442	6.36717	-3.08903	6.5	-3.15	0.909078	-3.6363
6.52537	-3.32797	0.731432	-3.16871	6.54349	-3.33906	6.55	-3.35	0.90907	-3.63626
6.56878	-3.50064	0.692063	-3.13636	6.6454	-3.53435	6.6	-3.5	0.910038	-2.7301
6.61526	-3.6646	0.712732	-3.11425	6.65608	-3.67065	6.65	-3.65	0.910033	-2.7301
6.65227	-3.83028	0.635577	-3.05174	6.70981	-3.81998	6.7	-3.8	0.908095	-2.7243
6.7035	-3.9758	0.679898	-2.99416	6.74422	-3.95901	6.75	-3.95	0.908091	-2.72428
6.72841	-4.12667	0.544652	-2.88479	6.72525	-4.05329	6.8	-4.1	0.910949	-2.73284
6.77803	-4.26174	0.596243	-2.82448	6.83817	-4.25449	6.85	-4.25	0.910945	-2.73284
6.79562	-4.38647	0.39996	-2.66016	6.86491	-4.32753	6.9	-4.35	0.999834	-1.99968
6.85114	-4.47708	0.493322	-2.54994	6.94879	-4.45387	6.95	-4.45	0.999829	-1.99966
6.92535	-4.66021	1.17354	-3.11069	6.99339	-4.57763	7.05	-4.6	1.99653	-2.99479
7.02234	-4.77491	1.27079	-3.00218	7.14339	-4.76622	7.15	-4.75	1.99653	-2.99479
7.05833	-4.89296	0.888175	-2.6778	7.11889	-4.79341	7.2	-4.85	1.00098	-2.00196
7.14561	-4.97757	0.999999	-2.54918	7.25883	-4.94719	7.25	-4.95	1.00097	-2.00194
7.20267	-5.1181	0.982456	-2.53372	7.28536	-5.09276	7.3	-5.1	0.90969	-2.72906
7.2746	-5.24095	1.02664	-2.48962	7.33925	-5.24908	7.35	-5.25	0.909677	-2.72904
7.36891	-5.41383	1.67425	-3.0376	7.33914	-5.30864	7.45	-5.4	1.99976	-2.99964
7.47419	-5.54593	1.72724	-2.98403	7.5499	-5.55354	7.55	-5.55	1.99976	-2.99964
7.51941	-5.64789	1.11963	-2.4559	7.59167	-5.64447	7.6	-5.65	1.00038	-2.00076
7.59557	-5.7484	1.17204	-2.39737	7.64483	-5.73357	7.65	-5.75	1.00037	-2.00074
7.68054	-5.90301	1.5137	-2.68953	7.6402	-5.81769	7.75	-5.9	1.81659	-2.7249
7.78071	-6.03731	1.5547	-2.65178	7.84396	-6.051	7.85	-6.05	1.81659	-2.7249
7.82595	-6.13948	0.967858	-2.13972	7.91394	-6.15143	7.9	-6.15	0.909251	-1.81851
7.89412	-6.24545	1.00412	-2.10739	7.95018	-6.25957	7.95	-6.25	0.909247	-1.81849
7.98015	-6.39098	1.32896	-2.39075	8.10134	-6.38026	8.05	-6.35	1.81576	-1.81577
8.08806	-6.48507	1.4194	-2.29201	8.15891	-6.45832	8.15	-6.45	1.81577	-1.81577
8.1954	-6.63715	1.69085	-2.52613	8.3424	-6.65648	8.25	-6.6	1.8218	-2.73269
8.30343	-6.75928	1.73042	-2.48262	8.33273	-6.74641	8.35	-6.75	1.8218	-2.73269
8.38401	-6.87993	1.45751	-2.24247	8.46635	-6.96022	8.4	-6.9	0.907987	-2.72401
8.45325	-7.01751	1.4276	-2.27869	8.44383	-7.03914	8.45	-7.05	0.907988	-2.72398
8.53523	-7.14554	1.4269	-2.27815	8.53661	-7.23635	8.5	-7.2	0.910054	-2.73014
8.58327	-7.30907	1.34436	-2.37655	8.55761	-7.36836	8.55	-7.35	0.910046	-2.73012
8.66184	-7.44003	1.44427	-2.47184	8.70486	-7.48959	8.65	-7.45	1.99827	-1.99828
8.74065	-7.5575	1.46096	-2.45512	8.7565	-7.55536	8.75	-7.55	1.99828	-1.99828
8.81195	-7.68339	1.38517	-2.38358	8.74707	-7.66927	8.8	-7.7	0.909061	-2.72717
8.87234	-7.83221	1.34301	-2.42952	8.85031	-7.85391	8.85	-7.85	0.909053	-2.72715
8.939	-7.95809	1.27253	-2.36127	8.88546	-7.96913	8.9	-8	0.908945	-2.72688
8.98155	-8.11952	1.19849	-2.44238	8.95085	-8.16397	8.95	-8.15	0.908953	-2.72687
9.04545	-8.25159	1.18427	-2.42809	9.03618	-8.239	9.05	-8.25	1.82026	-1.82027
9.12712	-8.36745	1.22846	-2.38261	9.15149	-8.34807	9.15	-8.35	1.82025	-1.82026
9.20241	-8.50317	1.46877	-2.62091	9.14011	-8.44049	9.2	-8.5	0.999884	-2.99963
9.26178	-8.64676	1.43271	-2.65467	9.22902	-8.65053	9.25	-8.65	0.999874	-2.9996
9.32259	-8.7679	1.35582	-2.57611	9.23666	-8.722	9.3	-8.8	0.999284	-2.99783
9.37464	-8.91551	1.31224	-2.62346	9.36398	-8.95164	9.35	-8.95	0.999284	-2.99784
9.42132	-9.02609	0.87759	-2.16916	9.47823	-9.13791	9.4	-9.05	0.909209	-1.81844
9.45938	-9.1543	0.851233	-2.19302	9.43696	-9.1575	9.45	-9.15	0.90921	-1.81843
9.51661	-9.28857	1.03137	-2.38275	9.44585	-9.27158	9.5	-9.3	0.908483	-2.72543
9.55885	-9.43427	0.992705	-2.42048	9.53884	-9.45193	9.55	-9.45	0.908475	-2.72542
9.62596	-9.5815	1.07669	-2.51092	9.6872	-9.68187	9.6	-9.6	0.909756	-2.72927
9.67503	-9.73163	1.04856	-2.54122	9.67284	-9.75791	9.65	-9.75	0.909739	-2.72923
9.75097	-9.88592	1.20863	-2.717	9.86489	-10.0711	9.7	-9.9	0.998626	-2.99586
9.79072	-10.0394	1.15493	-2.7637	9.74713	-10.0467	9.75	-10.05	0.998616	-2.99584
9.82047	-10.1456	0.702075	-2.25154	9.75497	-10.1932	9.75	-10.2	0	-2.72857
9.81298	-10.3126	0.579542	-2.36361	9.74697	-10.3629	9.75	-10.35	0	-2.72854
9.85654	-10.4609	0.789714	-2.60986	9.77249	-10.4428	9.8	-10.5	0.909773	-2.7293
9.88239	-10.6213	0.742456	-2.65333	9.86261	-10.6462	9.85	-10.65	0.909773	-2.7293
9.90424	-10.7389	0.460469	-2.31642	9.86786	-10.8223	9.85	-10.8	0	-2.72846
9.89307	-10.8995	0.362985	-2.40195	9.8455	-10.9408	9.85	-10.95	0	-2.72844
9.91516	-11.0348	0.391455	-2.43706	9.84594	-11.0973	9.85	-11.1	0	-2.72748
9.89413	-11.2061	0.278075	-2.53282	9.83549	-11.2481	9.85	-11.25	0	-2.72745
9.91824	-11.348	0.372377	-2.65425	9.8926	-11.4631	9.85	-11.4	0	-2.9967
9.90338	-11.5125	0.280995	-2.73351	9.87136	-11.5692	9.85	-11.55	0	-2.99671
9.90324	-11.6326	-0.023028	-2.32847	9.89882	-11.7746	9.8	-11.7	-0.909227	-2.72768
9.84001	-11.8109	-0.187932	-2.45793	9.74749	-11.8623	9.75	-11.85	-0.909218	-2.72765
9.82141	-11.9298	-0.328818	-2.26197	9.75738	-12.0161	9.7	-12	-0.908714	-2.72613
9.74243	-12.1022	-0.491129	-2.38487	9.65408	-12.1513	9.65	-12.15	-0.908706	-2.7261
9.69664	-12.1957	-0.759889	-1.99292	9.60373	-12.2428	9.6	-12.25	-0.909639	-1.81931
9.61507	-12.332	-0.864181	-2.0633	9.54006	-12.3354	9.55	-12.35	-0.90964	-1.8193
9.53831	-12.389	-1.22269	-1.52475	9.38815	-12.3607	9.45	-12.45	-1.81824	-1.81825
9.42269	-12.5077	-1.35135	-1.61382	9.35049	-12.5377	9.35	-12.55	-1.81823	-1.81823
9.34383	-12.5779	-1.56546	-1.27508	9.33568	-12.8372	9.2	-12.65	-2.72578	-1.81718
9.17345	-12.7061	-1.78933	-1.42345	9.04708	-12.7528	9.05	-12.75	-2.72576	-1.81717
9.07738	-12.7926	-1.72236	-1.53742	8.97697	-12.8161	8.95	-12.85	-1.8192	-1.81921
8.92867	-12.9129	-1.86636	-1.62817	8.84904	-12.9423	8.85	-12.95	-1.81921	-1.81921
8.81561	-12.9787	-1.96371	-1.45328	8.64934	-12.9537	8.7	-13.05	-2.72781	-1.81854
8.63992	-13.1029	-2.14513	-1.56383	8.5479	-13.1496	8.55	-13.15	-2.7278	-1.81853
8.49502	-13.0883	-2.74157	-0.409908	8.43462	-13.263	8.4	-13.15	-2.72644	0
8.30973	-13.1316	-2.83358	-0.461762	8.26001	-13.1483	8.25	-13.15	-2.72641	0
8.16023	-13.1297	-2.96318	-0.203118	8.10139	-13.1447	8.1	-13.15	-3.00083	0
7.98886	-13.1527	-3.02499	-0.235707	7.95138	-13.1593	7.95	-13.15	-3.00084	0
7.83474	-13.2082	-2.82388	-0.661853	7.85182	-13.2702	7.8	-13.2	-2.72553	-0.908516
7.66284	-13.2541	-2.86811	-0.685156	7.64076	-13.2654	7.65	-13.25	-2.72554	-0.908516
7.48943	-13.2142	-3.26549	0.216347	7.51359	-13.2891	7.5	-13.2	-2.72544	0.908483
7.33584	-13.1851	-3.19392	0.256264	7.35762	-13.1417	7.35	-13.15	-2.72544	0.908483
7.16781	-13.1979	-3.06857	-0.0286877	7.19553	-13.2012	7.2	-13.15	-2.73035	0
7.02503	-13.1847	-2.99888	0.00658938	7.05296	-13.1563	7.05	-13.15	-2.73035	0
6.85723	-13.167	-3.09207	0.233287	6.87644	-13.2105	6.85	-13.15	-3.63616	0
6.68416	-13.1536	-3.09901	0.233164	6.672	-13.1364	6.65	-13.15	-3.63617	0
6.52091	-13.1837	-2.90598	-0.26866	6.53838	-13.1322	6.55	-13.15	-1.81656	0
6.40689	-13.1774	-2.78369	-0.216937	6.46904	-13.1587	6.45	-13.15	-1.81657	0
6.23884	-13.1251	-3.02185	0.42027	6.22921	-13.0167	6.3	-13.1	-2.73109	0.910352
6.11439	-13.0805	-2.90977	0.470575	6.15723	-13.0319	6.15	-13.05	-2.73109	0.91036
5.93442	-12.9689	-3.24111	1.37824	5.95573	-12.8757	6	-12.95	-2.72331	1.81553
5.80142	-12.8725	-3.11959	1.42752	5.85711	-12.8423	5.85	-12.85	-2.72331	1.81554
5.64117	-12.8383	-2.9636	0.990751	5.73901	-12.8863	5.7	-12.8	-2.72842	0.909475
5.51195	-12.7699	-2.87415	1.02472	5.5559	-12.7556	5.55	-12.75	-2.72839	0.909466
5.34866	-12.6758	-3.02794	1.49053	5.41889	-12.699	5.4	-12.65	-2.731	1.82067
5.20957	-12.5809	-2.95458	1.52064	5.23681	-12.5467	5.25	-12.55	-2.731	1.82066
5.04892	-12.503	-2.94474	1.49023	5.16911	-12.5003	5.15	-12.45	-1.81821	1.8182
4.95917	-12.3928	-2.7528	1.55826	5.04959	-12.3548	5.05	-12.35	-1.8182	1.8182
4.82391	-12.3172	-2.76848	1.61036	4.99996	-12.3538	4.95	-12.25	-1.99957	1.99957
4.76745	-12.2039	-2.5495	1.68814	4.86969	-12.1416	4.85	-12.15	-1.99954	1.99955
4.64412	-12.1413	-2.46269	1.41312	4.83937	-12.0439	4.8	-12.05	-0.999954	1.99993
4.63227	-12.0267	-2.1654	1.5182	4.77326	-11.9345	4.75	-11.95	-0.999959	1.99992
4.4996	-11.869	-2.45632	2.38759	4.5839	-11.6711	4.65	-11.8	-2.0002	3.00031
4.4518	-11.7184	-2.25532	2.46174	4.54148	-11.6336	4.55	-11.65	-2.0002	3.0003
4.35522	-11.6562	-2.00003	1.69497	4.53697	-11.5591	4.55	-11.55	0	1.99749
4.3798	-11.5261	-1.66967	1.80833	4.55238	-11.4548	4.55	-11.45	0	1.99746
4.25632	-11.3369	-2.05548	2.8888	4.47604	-11.2089	4.5	-11.25	-0.90916	3.63662
4.2784	-11.1288	-1.69882	3.01428	4.45629	-11.0538	4.45	-11.05	-0.909152	3.63659
4.22681	-11.063	-1.19436	1.69958	4.39651	-10.8822	4.45	-10.95	0	1.81807
4.28978	-10.9232	-0.856579	1.82163	4.45899	-10.8664	4.45	-10.85	0	1.81808
4.23256	-10.8027	-0.989065	2.14219	4.493	-10.7885	4.45	-10.7	0	2.72865
4.2968	-10.638	-0.677231	2.2657	4.44058	-10.5544	4.45	-10.55	0	2.72864
4.2577	-10.5103	-0.680831	2.27179	4.44399	-10.3941	4.45	-10.4	0	2.72392
4.32362	-10.3407	-0.408727	2.38887	4.44086	-10.2469	4.45	-10.25	0	2.72391
4.30887	-10.2225	-0.351084	2.26729	4.53204	-10.1814	4.5	-10.1	0.909624	2.72885
4.4091	-10.0453	-0.0380074	2.40834	4.54793	-9.94716	4.55	-9.95	0.909615	2.72884
4.41102	-9.91624	0.0396291	2.25995	4.57622	-9.70975	4.6	-9.8	0.909111	2.72733
4.52181	-9.74052	0.323446	2.39931	4.64364	-9.63888	4.65	-9.65	0.909107	2.72732
4.55286	-9.62446	0.43238	2.21189	4.76627	-9.54952	4.75	-9.5	1.81921	2.7288
4.68941	-9.44913	0.724213	2.36237	4.82761	-9.37054	4.85	-9.35	1.81921	2.7288
4.72017	-9.30992	0.659927	2.45946	4.89701	-9.18082	4.9	-9.2	0.908739	2.72622
4.84399	-9.12737	0.886215	2.59104	4.94177	-9.04086	4.95	-9.05	0.908743	2.72623
4.94708	-9.03383	1.31586	1.98747	5.09012	-9.06486	5.05	-8.95	1.8169	1.81688
5.07418	-8.89345	1.4561	2.0751	5.1385	-8.8446	5.15	-8.85	1.81688	1.81688
5.14001	-8.7665	1.36233	2.19484	5.21345	-8.63875	5.25	-8.7	1.8201	2.73014
5.27328	-8.60934	1.51168	2.29791	5.33853	-8.54729	5.35	-8.55	1.82008	2.73013
5.36191	-8.48402	1.58919	2.20762	5.35874	-8.39385	5.4	-8.45	0.910244	1.82049
5.45389	-8.36024	1.6008	2.21529	5.46213	-8.36055	5.45	-8.35	0.910249	1.8205
5.51425	-8.24174	1.36853	2.47178	5.63723	-8.3352	5.55	-8.2	1.99657	2.99484
5.60985	-8.09781	1.43761	2.52778	5.63863	-8.05978	5.65	-8.05	1.99657	2.99485
5.73385	-7.97974	1.89802	2.05188	5.69655	-7.84304	5.75	-7.95	1.81871	1.81872
5.84242	-7.86295	1.90897	2.06238	5.84353	-7.85177	5.85	-7.85	1.81871	1.81871
5.97302	-7.76085	2.16399	1.81772	5.9537	-7.7033	6	-7.75	2.72961	1.81974
6.10734	-7.65216	2.20108	1.8454	6.14453	-7.66253	6.15	-7.65	2.72961	1.81974
6.20415	-7.55542	2.06227	1.96744	6.27	-7.55894	6.25	-7.55	1.9992	1.9992
6.31862	-7.4483	2.08997	1.99284	6.3386	-7.44193	6.35	-7.45	1.99918	1.99918
6.43475	-7.33917	2.10302	1.98196	6.44365	-7.32743	6.45	-7.35	1.81911	1.81911
6.54541	-7.23671	2.08995	1.96519	6.54947	-7.257	6.55	-7.25	1.81909	1.81909
6.66313	-7.14784	2.17209	1.89823	6.71635	-7.22979	6.65	-7.15	1.99996	1.99996
6.77034	-7.05126	2.16998	1.90059	6.7522	-7.03215	6.75	-7.05	1.99996	1.99996
6.90652	-6.96379	2.46721	1.68252	6.81357	-6.96259	6.85	-7	1.99752	0.998765
7.00122	-6.90716	2.39713	1.60401	6.95051	-6.93564	6.95	-6.95	1.99752	0.998765
7.12709	-6.81231	2.39964	1.60412	7.00414	-6.76319	7.1	-6.85	2.73035	1.82023
7.25263	-6.73316	2.38337	1.58056	7.25571	-6.75585	7.25	-6.75	2.73035	1.82023
7.34288	-6.64103	2.13257	1.7517	7.28718	-6.59248	7.35	-6.65	2.0006	2.0006
7.4458	-6.55563	2.12441	1.7444	7.42947	-6.54884	7.45	-6.55	2.00058	2.00058
7.58226	-6.47985	2.40968	1.56114	7.58756	-6.53752	7.55	-6.5	1.99841	0.999204
7.68519	-6.42166	2.36707	1.50534	7.65263	-6.44325	7.65	-6.45	1.99838	0.999195
7.85581	-6.36141	2.9308	1.16167	7.78988	-6.37954	7.8	-6.4	2.99952	0.999844
7.98712	-6.32121	2.89413	1.11164	7.95705	-6.33998	7.95	-6.35	2.99949	0.999829
8.06112	-6.23855	1.93991	1.66432	8.1289	-6.31809	8.05	-6.25	1.81603	1.81603
8.16552	-6.14817	1.93469	1.65989	8.15184	-6.14215	8.15	-6.15	1.81603	1.81603
8.25269	-6.0459	1.82395	1.7253	8.12981	-5.95044	8.25	-6.05	1.81921	1.81921
8.35177	-5.95239	1.82118	1.72153	8.34844	-5.95288	8.35	-5.95	1.81921	1.81921
8.53073	-5.8782	2.68662	1.26105	8.45627	-5.87026	8.5	-5.9	2.729	0.909673
8.6676	-5.82337	2.6609	1.22103	8.64546	-5.83668	8.65	-5.85	2.72898	0.909661
8.7919	-5.74701	2.51145	1.29573	8.68227	-5.68169	8.8	-5.75	2.72771	1.81848
8.93649	-5.667	2.52661	1.32005	8.95179	-5.66017	8.95	-5.65	2.72772	1.81848
9.00998	-5.58762	1.99984	1.5645	8.99196	-5.51961	9.05	-5.55	1.99939	1.9994
9.12578	-5.48424	2.03736	1.63304	9.15234	-5.45358	9.15	-5.45	1.9994	1.9994
9.24702	-5.39663	2.12467	1.59513	9.25593	-5.41629	9.25	-5.4	1.81776	0.90888
9.3568	-5.32113	2.1077	1.56195	9.3462	-5.33648	9.35	-5.35	1.81776	0.908875
9.39871	-5.21874	1.34577	1.88079	9.35852	-5.15981	9.45	-5.2	1.81545	2.72317
9.49244	-5.08723	1.38998	1.95856	9.55586	-5.07162	9.55	-5.05	1.81542	2.72314
9.60043	-4.98381	1.75285	1.81948	9.60543	-4.91132	9.65	-4.95	1.82145	1.82147
9.71165	-4.85927	1.78696	1.88716	9.75218	-4.8384	9.75	-4.85	1.82146	1.82146
9.83323	-4.76363	1.89354	1.84983	10.0131	-4.84834	9.85	-4.75	1.81961	1.8196
9.9403	-4.6588	1.89968	1.85911	9.9571	-4.66087	9.95	-4.65	1.8196	1.8196
10.0325	-4.56409	1.90401	1.85821	9.99977	-4.51909	10.05	-4.55	1.99827	1.99828
10.1361	-4.45444	1.9227	1.90352	10.1558	-4.43582	10.15	-4.45	1.99826	1.99826
10.2041	-4.34535	1.56096	2.00859	10.1567	-4.25503	10.25	-4.3	1.81693	2.72538
10.3038	-4.2038	1.59222	2.09222	10.3312	-4.16698	10.35	-4.15	1.81692	2.72536
10.417	-4.08797	1.92083	2.00647	10.3715	-4.04505	10.45	-4.05	1.81951	1.8195
10.5308	-3.95973	1.93892	2.05525	10.5551	-3.94162	10.55	-3.95	1.8195	1.81951
10.6347	-3.84701	1.89936	2.06428	10.6459	-3.84961	10.65	-3.85	1.81817	1.81818
10.7386	-3.7375	1.89765	2.05387	10.746	-3.7455	10.75	-3.75	1.81816	1.81817
10.8382	-3.62704	1.76234	2.08206	10.9384	-3.6422	10.85	-3.6	1.81621	2.7243
10.9429	-3.48613	1.77988	2.15189	10.9457	-3.45027	10.95	-3.45	1.8162	2.7243
10.9811	-3.3728	1.02128	2.28899	11.1095	-3.32648	11	-3.3	0.908632	2.72588
11.0464	-3.2106	1.04198	2.38499	11.0435	-3.16012	11.05	-3.15	0.908632	2.72588
11.0856	-3.07673	0.945384	2.40169	10.9851	-2.95299	11.1	-3	0.909905	2.72971
11.1471	-2.90687	0.966023	2.50232	11.1542	-2.85724	11.15	-2.85	0.909888	2.72968
11.1238	-2.77431	0.206529	2.59393	11.0233	-2.67356	11.15	-2.7	0	2.72847
11.1408	-2.60097	0.218895	2.67512	11.1324	-2.55807	11.15	-2.55	0	2.72844
11.1485	-2.45707	0.0865847	2.6876	11.2541	-2.42353	11.15	-2.4	0	2.72732
11.1567	-2.29054	0.0935996	2.73717	11.1569	-2.2658	11.15	-2.25	0	2.72732
11.2699	-2.11993	1.37651	2.65443	11.2203	-2.08998	11.25	-2.1	1.81905	2.72856
11.3476	-1.96167	1.38031	2.6871	11.3482	-1.94557	11.35	-1.95	1.81905	2.72856
11.2809	-1.85122	-0.344707	2.72333	11.3928	-1.80815	11.3	-1.8	-0.90916	2.72747
11.263	-1.67675	-0.342662	2.78812	11.2389	-1.64141	11.25	-1.65	-0.909152	2.72745
11.2693	-1.52009	-0.107143	2.78331	11.3341	-1.51762	11.25	-1.5	0	2.72321
11.2641	-1.35881	-0.106081	2.80435	11.2625	-1.34833	11.25	-1.35	0	2.72321
11.2067	-1.22139	-0.797658	2.78934	11.3121	-1.19064	11.2	-1.2	-0.909524	2.72856
11.1627	-1.06256	-0.798122	2.8037	11.1556	-1.0549	11.15	-1.05	-0.909524	2.72856
11.0397	-0.92859	-1.68778	2.76795	10.9982	-0.893223	11.05	-0.9	-1.81945	2.72916
10.9478	-0.757592	-1.68771	2.81765	10.9445	-0.73319	10.95	-0.75	-1.81942	2.72913
10.8879	-0.590507	-1.25128	2.84931	10.8362	-0.586	10.9	-0.599999	-0.909839	2.72952
10.8206	-0.436755	-1.24875	2.8421	10.8388	-0.441032	10.85	-0.449999	-0.909822	2.72949
10.6421	-0.339162	-2.61954	2.68748	10.6309	-0.359954	10.7	-0.349999	-2.99538	1.99692
10.514	-0.222485	-2.61279	2.64075	10.5529	-0.247121	10.55	-0.25	-2.99539	1.99691
10.4289	-0.057538	-1.89781	2.71968	10.4322	-0.19515	10.45	-0.2	-1.81715	0.908579
10.3275	-0.00949619	-1.87825	2.45239	10.3505	-0.143257	10.35	-0.15	-1.81716	0.908579
10.1791	0.108068	-2.45403	2.3787	10.2068	-0.109014	10.2	-0.0999996	-2.73194	0.910655
10.0485	0.115818	-2.42803	2.05562	10.0541	-0.0441275	10.05	-0.0499992	-2.73194	0.910655
9.90096	0.224621	-2.58508	2.03581	9.89001	0.00816785	9.9	9.49949e-07	-2.72481	0.908268
9.76343	0.214346	-2.55922	1.71399	9.75876	0.0560308	9.75	0.0500011	-2.72477	0.90826
9.66326	0.31664	-2.04175	1.76336	9.63528	0.0929341	9.65	0.100001	-1.81759	0.908784
9.55782	0.297912	-2.01473	1.45911	9.56967	0.149506	9.55	0.15	-1.81757	0.908775
9.41742	0.367377	-2.50381	1.40314	9.56225	0.148577	9.4	0.15	-2.72659	0
9.28423	0.316489	-2.47958	1.06577	9.25348	0.150166	9.25	0.15	-2.72658	0
9.13229	0.372996	-2.61842	1.05268	9.0821	0.207802	9.1	0.2	-2.72925	0.909752
8.98843	0.349999	-2.60918	0.839029	8.93575	0.243169	8.95	0.25	-2.72926	0.909752
8.83929	0.39256	-2.77536	0.821654	8.94634	0.26481	8.8	0.25	-2.72783	0
8.68747	0.3585	-2.76575	0.612378	8.64483	0.254352	8.65	0.25	-2.7278	0
8.53068	0.391457	-2.75895	0.610184	8.46866	0.251128	8.5	0.25	-2.72395	0
8.38092	0.348997	-2.74831	0.409549	8.35775	0.250149	8.35	0.25	-2.72395	0
8.23218	0.369618	-2.7663	0.404022	8.28111	0.196974	8.2	0.2	-2.73278	-0.910929
8.08124	0.288936	-2.75634	0.132411	8.03004	0.154113	8.05	0.15	-2.73279	-0.910929
7.85287	0.296797	-3.74486	0.103637	7.74678	0.154598	7.85	0.15	-3.9992	0
7.66612	0.235144	-3.7401	-0.0731702	7.63715	0.143302	7.65	0.15	-3.99916	0
7.5895	0.225992	-2.40887	-0.0560673	7.61982	0.157052	7.55	0.15	-1.99868	0
7.46757	0.197399	-2.40989	-0.12453	7.43926	0.160393	7.45	0.15	-1.99866	0
7.31439	0.19028	-2.69455	-0.130229	7.34481	0.102019	7.3	0.100001	-2.72622	-0.908734
7.16774	0.124801	-2.69094	-0.284297	7.16771	0.0463372	7.15	0.0500011	-2.72623	-0.908734
7.06752	0.10275	-2.10558	-0.298269	7.05721	-0.05037	7.05	-0.0499995	-1.81887	-1.81889
6.9532	-0.0132951	-2.10403	-0.561443	6.95035	-0.144849	6.95	-0.15	-1.81888	-1.81889
6.86117	-0.0522312	-1.83689	-0.58825	6.87212	-0.243254	6.85	-0.25	-1.81792	-1.81792
6.76024	-0.198811	-1.84386	-0.889689	6.76317	-0.34818	6.75	-0.35	-1.81792	-1.81792
6.66775	-0.251475	-1.83292	-0.898318	6.75759	-0.453523	6.65	-0.45	-1.81881	-1.8188
6.56392	-0.410598	-1.85261	-1.18753	6.56412	-0.553924	6.55	-0.549999	-1.81879	-1.81878
6.49868	-0.494972	-1.53363	-1.26453	6.60439	-0.765755	6.45	-0.749999	-1.81971	-3.63941
6.40095	-0.728984	-1.59004	-1.69761	6.36344	-0.942514	6.35	-0.949999	-1.81969	-3.63937
6.42477	-0.910542	-0.256293	-2.17077	6.35624	-1.10001	6.35	-1.1	0	-2.99522
6.39843	-1.11722	-0.310295	-2.42759	6.36321	-1.25111	6.35	-1.25	0	-2.99519
6.38895	-1.26465	-0.161942	-2.50271	6.30992	-1.40686	6.35	-1.4	0	-2.72817
6.36811	-1.46742	-0.210586	-2.67155	6.35537	-1.55723	6.35	-1.55	0	-2.72817
6.38104	-1.63433	-0.0291239	-2.76566	6.50996	-1.74616	6.35	-1.7	0	-2.72628
6.37272	-1.80893	-0.0519812	-2.82375	6.35448	-1.83673	6.35	-1.85	0	-2.72628
6.3662	-1.95765	-0.143738	-2.77306	6.38849	-2.02257	6.35	-2	0	-2.73154
6.35462	-2.12171	-0.156564	-2.80319	6.35078	-2.13767	6.35	-2.15	0	-2.73152
6.34669	-2.26556	-0.106886	-2.83545	6.28921	-2.27735	6.35	-2.3	0	-2.99503
6.33698	-2.4198	-0.121586	-2.86658	6.33355	-2.43768	6.35	-2.45	0	-2.99503
6.36548	-2.63051	0.485297	-3.27543	6.30986	-2.56694	6.4	-2.6	0.909996	-2.73
6.40792	-2.78115	0.530738	-3.20006	6.45623	-2.7536	6.45	-2.75	0.91	-2.73
6.4385	-2.96383	0.622765	-3.26619	6.40481	-2.87127	6.5	-2.9	0.907593	-2.72277
6.50088	-3.08833	0.707549	-3.1257	6.54629	-3.01951	6.55	-3.05	0.907584	-2.72274
6.53394	-3.24179	0.42929	-2.9232	6.70928	-3.32749	6.55	-3.25	0	-3.63617
6.5482	-3.42277	0.399879	-2.974	6.54763	-3.45513	6.55	-3.45	0	-3.63613
6.58211	-3.60717	0.653515	-3.17198	6.52015	-3.55608	6.6	-3.6	0.909673	-2.72901
6.62963	-3.76168	0.687308	-3.12176	6.64571	-3.73674	6.65	-3.75	0.909661	-2.72898
6.66927	-3.93615	0.724668	-3.15119	6.71319	-3.83967	6.75	-3.85	1.81795	-1.81795
6.76245	-4.02801	0.875772	-2.94464	6.85201	-3.93663	6.85	-3.95	1.81793	-1.81793
6.8498	-4.21876	1.14084	-3.14125	7.13409	-4.28567	6.9	-4.15	0.909979	-3.63994
6.93072	-4.36353	1.19222	-3.07044	6.9548	-4.32855	6.95	-4.35	0.909975	-3.6399
6.96001	-4.48988	0.676133	-2.65113	7.00947	-4.44692	7	-4.45	0.907889	-1.81577
7.02282	-4.59836	0.747544	-2.55551	7.05586	-4.55105	7.05	-4.55	0.907881	-1.81576
7.08897	-4.76301	1.03263	-2.78306	7.15974	-4.75194	7.1	-4.7	0.909789	-2.72935
7.15823	-4.88966	1.07264	-2.71768	7.13261	-4.82718	7.15	-4.85	0.909777	-2.72933
7.25005	-5.07578	1.52008	-3.09067	7.2829	-5.01975	7.25	-5	1.81861	-2.72792
7.35263	-5.21267	1.57669	-3.00776	7.34301	-5.14642	7.35	-5.15	1.81859	-2.72789
7.39981	-5.33143	1.24034	-2.7229	7.32687	-5.26205	7.4	-5.3	0.999994	-3
7.4648	-5.46219	1.24947	-2.70954	7.46174	-5.44979	7.45	-5.45	0.999999	-3
7.51977	-5.59898	1.15471	-2.62762	7.47116	-5.48352	7.55	-5.55	1.81749	-1.81749
7.61453	-5.7036	1.23942	-2.52481	7.65989	-5.6552	7.65	-5.65	1.81747	-1.81747
7.6791	-5.83643	1.11102	-2.41479	7.78563	-5.85993	7.7	-5.8	0.909598	-2.72881
7.74478	-5.96368	1.12327	-2.40051	7.75276	-5.95823	7.75	-5.95	0.909594	-2.72878
7.80786	-6.09851	1.19345	-2.46219	7.79663	-6.00945	7.85	-6.05	1.81964	-1.81964
7.90415	-6.1967	1.27563	-2.36616	7.95034	-6.15505	7.95	-6.15	1.81962	-1.81962
8.01347	-6.36044	1.86173	-2.87414	8.04642	-6.30578	8.05	-6.3	1.99731	-2.99599
8.12566	-6.48041	1.9132	-2.81246	8.14855	-6.44643	8.15	-6.45	1.99732	-2.99598
8.17815	-6.58004	1.15689	-2.14719	8.26534	-6.60186	8.2	-6.55	0.909111	-1.81822
8.25265	-6.6822	1.18768	-2.10692	8.25279	-6.64996	8.25	-6.65	0.909111	-1.81822
8.32332	-6.80539	1.35804	-2.25699	8.2109	-6.73286	8.3	-6.8	0.90845	-2.72534
8.38514	-6.94245	1.32507	-2.29124	8.35448	-6.94719	8.35	-6.95	0.908442	-2.72531
8.49915	-7.11005	1.73183	-2.66265	8.61718	-7.22425	8.45	-7.1	1.81925	-2.72886
8.58492	-7.26248	1.70956	-2.6803	8.54666	-7.24803	8.55	-7.25	1.81924	-2.72886
8.6637	-7.39275	1.50335	-2.48794	8.69659	-7.3744	8.65	-7.35	1.82079	-1.8208
8.76365	-7.5017	1.55429	-2.41945	8.74711	-7.43338	8.75	-7.45	1.8208	-1.8208
8.83704	-7.62056	1.63821	-2.49694	8.68846	-7.50096	8.8	-7.6	0.997629	-2.99288
8.90194	-7.75994	1.59571	-2.53644	8.84984	-7.75349	8.85	-7.75	0.997629	-2.99288
8.95143	-7.85937	1.2186	-2.17748	8.77486	-7.80083	8.9	-7.9	0.909127	-2.72742
8.98516	-8.01754	1.12914	-2.27666	8.94604	-8.07116	8.95	-8.05	0.909127	-2.7274
9.02653	-8.11934	0.915897	-2.06613	8.92041	-8.11276	9	-8.15	0.909524	-1.81903
9.06261	-8.2439	0.880401	-2.09658	9.01893	-8.23506	9.05	-8.25	0.909516	-1.81902
9.12377	-8.375	1.09025	-2.30578	9.04724	-8.3711	9.1	-8.4	0.909922	-2.72975
9.17293	-8.51405	1.06109	-2.33733	9.1628	-8.53304	9.15	-8.55	0.909913	-2.72976
9.2508	-8.66904	1.45512	-2.73906	9.09379	-8.55764	9.25	-8.7	1.8169	-2.72535
9.32954	-8.82565	1.44901	-2.75208	9.3508	-8.85468	9.35	-8.85	1.81688	-2.72532
9.3939	-8.95812	1.23853	-2.53419	9.40597	-8.96981	9.4	-9	0.910219	-2.73069
9.44806	-9.11619	1.19894	-2.58072	9.45338	-9.162	9.45	-9.15	0.910228	-2.73069
9.51243	-9.24959	1.1967	-2.57815	9.51544	-9.36256	9.5	-9.3	0.997908	-2.99371
9.55899	-9.39789	1.15742	-2.62454	9.56994	-9.45148	9.55	-9.45	0.997908	-2.99372
9.59498	-9.50485	0.721301	-2.15183	9.62712	-9.59131	9.6	-9.55	0.909971	-1.81993
9.62926	-9.63293	0.704429	-2.17497	9.64603	-9.66938	9.65	-9.65	0.909954	-1.81992
9.66659	-9.75058	0.681915	-2.1504	9.63311	-9.79216	9.65	-9.8	0	-2.73054
9.67335	-9.90168	0.598405	-2.2341	9.64842	-9.95866	9.65	-9.95	0	-2.73053
9.72599	-10.0473	0.989493	-2.67881	9.61381	-9.98703	9.7	-10.1	0.998187	-2.99456
9.75767	-10.2021	0.939502	-2.72997	9.7516	-10.2483	9.75	-10.25	0.998187	-2.99455
9.80612	-10.3479	0.908383	-2.6937	9.7698	-10.3568	9.8	-10.4	0.909806	-2.7294
9.85044	-10.505	0.89126	-2.71502	9.8633	-10.5382	9.85	-10.55	0.909797	-2.72938
9.87726	-10.6226	0.565787	-2.33274	9.8617	-10.6917	9.85	-10.7	0	-2.72718
9.873	-10.7872	0.469199	-2.42421	9.84674	-10.8547	9.85	-10.85	0	-2.72715
9.88728	-10.9053	0.380845	-2.3166	9.75887	-10.887	9.85	-11	0	-2.72395
9.87596	-11.0677	0.291367	-2.40279	9.86442	-11.1448	9.85	-11.15	0	-2.72395
9.89949	-11.2102	0.351778	-2.47879	9.87245	-11.316	9.85	-11.3	0	-2.73074
9.88149	-11.3823	0.25017	-2.56906	9.85036	-11.4464	9.85	-11.45	0	-2.73075
9.90074	-11.5296	0.233913	-2.5476	9.93142	-11.6783	9.85	-11.6	0	-2.72396
9.87861	-11.6994	0.140449	-2.62302	9.83174	-11.7336	9.85	-11.75	0	-2.72396
9.8762	-11.8138	0.00597014	-2.44084	9.80843	-11.8702	9.8	-11.9	-1.0005	-3.00149
9.82158	-11.9825	-0.141971	-2.55912	9.75331	-12.0506	9.75	-12.05	-1.0005	-3.0015
9.76839	-12.0333	-0.856486	-1.5432	9.64519	-12.1714	9.65	-12.15	-1.81799	-1.81797
9.65248	-12.1722	-1.04025	-1.68124	9.55524	-12.2329	9.55	-12.25	-1.81797	-1.81797
9.61338	-12.3009	-0.778855	-2.06709	9.47014	-12.4324	9.45	-12.4	-1.82042	-2.73064
9.47636	-12.4852	-1.03041	-2.24752	9.34172	-12.5587	9.35	-12.55	-1.82041	-2.73063
9.40319	-12.543	-1.38131	-1.67982	9.21558	-12.6577	9.25	-12.65	-1.99893	-1.99891
9.26237	-12.6804	-1.57462	-1.81375	9.16462	-12.7506	9.15	-12.75	-1.99891	-1.9989
9.17289	-12.772	-1.62779	-1.72366	9.08802	-12.8351	9.05	-12.85	-1.81839	-1.81839
9.03184	-12.9026	-1.76615	-1.81367	8.95936	-12.9426	8.95	-12.95	-1.81838	-1.81838
8.90997	-12.9227	-2.30964	-0.851346	8.8569	-13.1416	8.8	-13	-2.72942	-0.909806
8.72895	-13.0053	-2.45484	-0.940961	8.65422	-13.0444	8.65	-13.05	-2.72941	-0.909806
8.61313	-13.0765	-2.29768	-1.23421	8.49168	-13.0983	8.5	-13.15	-2.99987	-1.99991
8.43256	-13.181	-2.47474	-1.33993	8.3436	-13.2381	8.35	-13.25	-2.99984	-1.9999
8.28168	-13.1454	-2.9783	-0.301898	8.19421	-13.0768	8.25	-13.2	-1.99797	0.998985
8.14227	-13.1548	-2.95237	-0.287606	8.15674	-13.1486	8.15	-13.15	-1.99797	0.998985
7.99067	-13.2069	-2.746	-0.705413	7.9999	-13.1879	8	-13.2	-2.73	-0.910004
7.84311	-13.2449	-2.73771	-0.702734	7.85314	-13.2533	7.85	-13.25	-2.73	-0.910004
7.66932	-13.2074	-3.09393	0.0598714	7.57824	-13.1345	7.65	-13.25	-3.62957	0
7.4773	-13.2174	-3.15226	0.0280769	7.45422	-13.2433	7.45	-13.25	-3.62953	0
7.30923	-13.2326	-3.08566	-0.122842	7.33241	-13.2718	7.3	-13.25	-2.7301	0
7.13715	-13.2402	-3.09221	-0.125266	7.13166	-13.2372	7.15	-13.25	-2.73007	0
6.96258	-13.2323	-3.14318	-0.00224792	6.97467	-13.1643	7	-13.25	-2.72703	0
6.80995	-13.225	-3.09044	0.0175502	6.84852	-13.2404	6.85	-13.25	-2.727	0
6.63549	-13.1902	-3.26357	0.461736	6.7113	-13.2598	6.7	-13.2	-2.72742	0.909144
6.49411	-13.1496	-3.16337	0.500647	6.55626	-13.1584	6.55	-13.15	-2.72742	0.909144
6.30929	-13.0863	-3.27891	0.799441	6.32545	-12.9303	6.4	-13.1	-2.72703	0.908994
6.17427	-13.0261	-3.16041	0.841833	6.25112	-13.0473	6.25	-13.05	-2.727	0.908995
6.00446	-12.9934	-3.11751	0.725892	6.09711	-13.0021	6.1	-13	-2.73	0.910004
5.87864	-12.9382	-2.99884	0.76629	5.95513	-12.9613	5.95	-12.95	-2.72998	0.909996
5.73628	-12.9094	-3.02596	0.852729	5.89343	-13.1185	5.8	-12.9	-2.99275	0.99759
5.61821	-12.8525	-2.93642	0.887204	5.6635	-12.8347	5.65	-12.85	-2.99275	0.99758
5.45724	-12.7885	-3.02552	1.15877	5.61778	-12.8527	5.55	-12.75	-1.81993	1.81994
5.36551	-12.6915	-2.82569	1.23735	5.45219	-12.6228	5.45	-12.65	-1.81994	1.81994
5.20234	-12.5989	-2.8918	1.42893	5.30917	-12.4284	5.35	-12.55	-1.81722	1.81723
5.13327	-12.4852	-2.65277	1.51451	5.25069	-12.4448	5.25	-12.45	-1.81721	1.81721
4.98548	-12.385	-2.74603	1.79441	5.13338	-12.4375	5.1	-12.35	-2.72881	1.8192
4.88149	-12.2708	-2.6228	1.83434	4.9499	-12.2734	4.95	-12.25	-2.72881	1.81921
4.74568	-12.2081	-2.49158	1.42641	4.92993	-12.1787	4.9	-12.15	-0.908467	1.81693
4.7116	-12.0906	-2.21837	1.52163	4.84027	-12.0359	4.85	-12.05	-0.908462	1.81692
4.57572	-11.9456	-2.48418	2.32587	4.79909	-11.9738	4.75	-11.9	-1.81788	2.72684
4.52546	-11.7871	-2.2563	2.40233	4.63814	-11.758	4.65	-11.75	-1.81788	2.72683
4.41089	-11.6996	-2.02635	1.71443	4.50688	-11.4491	4.6	-11.65	-0.909963	1.81994
4.40317	-11.5698	-1.75374	1.80526	4.5399	-11.541	4.55	-11.55	-0.909959	1.81992
4.28045	-11.3894	-2.07641	2.73158	4.46798	-11.2692	4.5	-11.35	-0.909227	3.63689
4.29167	-11.1957	-1.74678	2.84342	4.45518	-11.1556	4.45	-11.15	-0.909218	3.63686
4.23408	-11.1324	-1.38177	1.87706	4.47788	-11.2387	4.4	-11.05	-0.909227	1.81845
4.2505	-10.9956	-1.13894	1.96434	4.36691	-10.9529	4.35	-10.95	-0.909222	1.81844
4.18849	-10.8914	-1.07782	1.80234	4.34978	-10.6819	4.4	-10.8	0.9094	2.72823
4.26304	-10.7408	-0.725767	1.93624	4.42489	-10.6572	4.45	-10.65	0.909396	2.72819
4.20525	-10.6048	-0.947109	2.44851	4.45256	-10.5332	4.45	-10.5	0	3.00113
4.28436	-10.4325	-0.61501	2.58129	4.44692	-10.3512	4.45	-10.35	0	3.00113
4.25679	-10.3062	-0.507164	2.34782	4.41237	-9.99477	4.5	-10.2	0.999524	2.99855
4.36991	-10.1323	-0.144629	2.50129	4.5556	-10.0446	4.55	-10.05	0.999524	2.99856
4.36349	-10.0073	-0.117209	2.44739	4.57379	-9.85032	4.6	-9.9	0.998267	2.9948
4.48403	-9.83084	0.211937	2.59779	4.65841	-9.75093	4.65	-9.75	0.998262	2.99479
4.53834	-9.72972	0.652695	1.83587	4.60255	-9.4741	4.7	-9.65	0.910924	1.82187
4.64853	-9.59427	0.845488	1.9333	4.74425	-9.53907	4.75	-9.55	0.910928	1.82186
4.66592	-9.45731	0.604012	2.32024	4.78405	-9.35872	4.8	-9.4	0.908038	2.72411
4.77391	-9.29388	0.79588	2.42292	4.87523	-9.25457	4.85	-9.25	0.908033	2.7241
4.82277	-9.16363	0.8674	2.31531	4.92663	-9.02336	4.95	-9.1	1.81851	2.72776
4.94424	-8.99903	1.05586	2.42314	5.04624	-8.96378	5.05	-8.95	1.81852	2.72777
5.00456	-8.86512	1.10176	2.36104	5.1055	-8.72095	5.15	-8.8	1.8165	2.72476
5.1486	-8.68941	1.31369	2.49335	5.26299	-8.64398	5.25	-8.65	1.8165	2.72475
5.27173	-8.58767	1.74381	1.97196	5.34134	-8.5519	5.35	-8.55	1.82159	1.8216
5.39593	-8.4618	1.81592	2.02249	5.43218	-8.43885	5.45	-8.45	1.82157	1.82157
5.4729	-8.33772	1.60034	2.26314	5.5122	-8.36624	5.5	-8.35	0.908054	1.81609
5.5509	-8.22061	1.57453	2.2423	5.54143	-8.23537	5.55	-8.25	0.908054	1.8161
5.70663	-8.14638	2.18734	1.56612	5.72065	-8.20245	5.7	-8.15	2.72851	1.81902
5.83976	-8.0502	2.22015	1.59399	5.85207	-8.0316	5.85	-8.05	2.72849	1.81899
5.89687	-7.92996	1.60282	2.20298	5.99121	-7.96746	5.95	-7.9	1.81851	2.72777
6.01471	-7.78531	1.67747	2.26897	6.04955	-7.75139	6.05	-7.75	1.81852	2.72777
6.1401	-7.68188	1.94505	2.01502	6.20599	-7.74241	6.15	-7.65	1.81739	1.81739
6.24853	-7.56925	1.94883	2.0195	6.2473	-7.56333	6.25	-7.55	1.81739	1.81739
6.3607	-7.46195	1.97732	1.99392	6.39144	-7.48582	6.35	-7.45	1.8164	1.81641
6.46091	-7.3589	1.95618	1.97435	6.44526	-7.36223	6.45	-7.35	1.81638	1.81638
6.60531	-7.27022	2.27377	1.70969	6.66209	-7.31025	6.6	-7.25	2.72856	1.81904
6.7414	-7.16446	2.30179	1.74158	6.74856	-7.14204	6.75	-7.15	2.72856	1.81904
6.84494	-7.05945	2.09229	1.89997	6.83447	-7.05268	6.85	-7.05	1.82066	1.82066
6.9632	-6.95362	2.09976	1.90534	6.97717	-6.96144	6.95	-6.95	1.82065	1.82065
7.10951	-6.87497	2.4865	1.6276	7.13677	-6.88363	7.1	-6.85	2.99976	1.99984
7.24719	-6.77748	2.52008	1.67109	7.2552	-6.74652	7.25	-6.75	2.99976	1.99984
7.28997	-6.66688	1.75751	2.16264	7.234	-6.59525	7.3	-6.65	0.999384	1.99876
7.37146	-6.56083	1.74408	2.15323	7.33491	-6.53948	7.35	-6.55	0.999369	1.99874
7.60889	-6.4968	3.09689	1.27292	7.67988	-6.69347	7.5	-6.55	2.72747	0
7.72676	-6.48749	2.96963	1.10415	7.64389	-6.55777	7.65	-6.55	2.72745	0
7.82072	-6.41073	2.13553	1.61831	7.94309	-6.60222	7.75	-6.45	1.81623	1.81624
7.91533	-6.34321	2.08219	1.55511	7.84566	-6.34021	7.85	-6.35	1.81623	1.81624
8.07361	-6.26986	2.62423	1.22352	7.9171	-6.24084	8	-6.3	2.72648	0.908821
8.1982	-6.22372	2.57759	1.1632	8.14601	-6.23101	8.15	-6.25	2.72645	0.908817
8.25115	-6.13521	1.57458	1.73546	8.37368	-6.18614	8.25	-6.1	1.81898	2.72847
8.35508	-6.0109	1.61868	1.81184	8.35502	-5.95811	8.35	-5.95	1.81897	2.72844
8.53987	-5.93503	2.69338	1.23474	8.43843	-5.87193	8.5	-5.9	2.72647	0.90883
8.67945	-5.87434	2.67435	1.2127	8.64201	-5.86567	8.65	-5.85	2.72645	0.908817
8.76301	-5.79224	2.02373	1.53355	8.76652	-5.75601	8.75	-5.75	1.81789	1.81788
8.8795	-5.6926	2.0387	1.57209	8.85198	-5.65134	8.85	-5.65	1.81789	1.81788
9.01817	-5.60785	2.4305	1.3875	8.91028	-5.47662	9	-5.55	2.73109	1.82073
9.16018	-5.50971	2.45374	1.44391	9.13482	-5.45989	9.15	-5.45	2.73106	1.82072
9.25708	-5.42476	2.02046	1.62981	9.32693	-5.39468	9.25	-5.35	1.81796	1.81795
9.37353	-5.31462	2.03683	1.68145	9.33045	-5.26019	9.35	-5.25	1.81794	1.81793
9.51027	-5.22359	2.37282	1.54555	9.4498	-5.12838	9.5	-5.15	2.72905	1.81937
9.65452	-5.10481	2.40828	1.63435	9.63754	-5.04328	9.65	-5.05	2.72903	1.81935
9.69453	-5.01771	1.46364	1.9734	9.83281	-5.00671	9.7	-4.95	0.998666	1.99733
9.775	-4.89612	1.48348	2.03244	9.74856	-4.84745	9.75	-4.85	0.998656	1.99731
9.8888	-4.79009	1.78582	1.92674	9.96003	-4.81123	9.85	-4.75	1.8172	1.81719
9.98222	-4.68406	1.77742	1.9242	9.93394	-4.66432	9.95	-4.65	1.81717	1.81717
10.0901	-4.58054	1.85688	1.89837	10.1357	-4.58625	10.05	-4.55	1.82042	1.82043
10.19	-4.4698	1.85508	1.91329	10.1444	-4.44253	10.15	-4.45	1.82041	1.82042
10.3442	-4.36772	2.45079	1.73749	10.3185	-4.35401	10.3	-4.35	2.72672	1.81782
10.4782	-4.26664	2.45076	1.75076	10.4496	-4.24828	10.45	-4.25	2.7267	1.8178
10.4885	-4.16674	1.02468	2.12725	10.5826	-4.11494	10.5	-4.1	0.908764	2.72628
10.5578	-4.00998	1.05552	2.2325	10.5542	-3.95161	10.55	-3.95	0.908764	2.72628
10.6472	-3.88788	1.4157	2.14468	10.6618	-3.80699	10.65	-3.8	1.8194	2.72911
10.7423	-3.71972	1.45524	2.27876	10.7602	-3.65417	10.75	-3.65	1.81939	2.72908
10.8586	-3.59237	1.8602	2.19981	10.8593	-3.57039	10.85	-3.55	1.81839	1.81838
10.9586	-3.47244	1.85629	2.19624	10.9375	-3.46792	10.95	-3.45	1.81838	1.81838
10.9882	-3.35531	1.03376	2.34144	11.0183	-3.30073	11	-3.3	0.908549	2.72563
11.0552	-3.19123	1.05582	2.43529	11.0672	-3.14607	11.05	-3.15	0.908549	2.72564
11.1023	-3.05764	0.938208	2.45352	11.1054	-3.01303	11.1	-3	0.90888	2.72663
11.1593	-2.89259	0.951074	2.53271	11.1428	-2.8481	11.15	-2.85	0.908863	2.72661
11.2043	-2.75291	0.903173	2.53902	11.1758	-2.69942	11.2	-2.7	0.909988	2.72995
11.2593	-2.58325	0.914903	2.61864	11.2495	-2.5409	11.25	-2.55	0.909988	2.72995
11.2085	-2.46172	-0.441867	2.73382	11.4549	-2.46508	11.2	-2.4	-0.907692	2.72306
11.1878	-2.2821	-0.433861	2.81022	11.1705	-2.24061	11.15	-2.25	-0.907683	2.72304
11.3146	-2.10256	1.37829	2.68366	11.2202	-2.08176	11.25	-2.1	1.8219	2.73284
11.386	-1.96428	1.3711	2.65897	11.3536	-1.97104	11.35	-1.95	1.82188	2.73281
11.3577	-1.83669	0.302159	2.68605	11.224	-1.77367	11.35	-1.8	0	2.71996
11.3759	-1.66968	0.304926	2.73576	11.3661	-1.64386	11.35	-1.65	0	2.71993
11.3655	-1.52213	0.0796682	2.73984	11.2691	-1.47976	11.35	-1.5	0	2.73448
11.3684	-1.36154	0.0773095	2.76644	11.3391	-1.34511	11.35	-1.35	0	2.73446
11.2483	-1.25452	-1.36889	2.7384	11.2507	-1.19626	11.25	-1.2	-1.99969	2.99952
11.1802	-1.08701	-1.36931	2.81871	11.1532	-1.04324	11.15	-1.05	-1.99967	2.99949
11.1135	-0.940621	-1.21527	2.82717	10.9697	-0.89157	11.1	-0.9	-1.00006	3.00024
11.0551	-0.775366	-1.21315	2.89053	11.0654	-0.742685	11.05	-0.75	-1.00006	3.00021
10.9477	-0.629636	-1.65876	2.85365	10.8913	-0.655608	10.95	-0.649999	-1.81771	1.81773
10.8542	-0.505439	-1.6591	2.76696	10.8418	-0.549005	10.85	-0.549999	-1.81772	1.81773
10.7657	-0.354881	-1.68429	2.76295	10.827	-0.442912	10.75	-0.45	-1.81842	1.8184
10.6715	-0.26802	-1.67882	2.59137	10.6642	-0.353413	10.65	-0.35	-1.8184	1.81839
10.4959	-0.169049	-2.82873	2.47455	10.5503	-0.248633	10.5	-0.25	-3.00035	2.00024
10.3543	-0.0987579	-2.82165	2.33367	10.3487	-0.171899	10.35	-0.15	-3.00032	2.00022
10.2566	0.0299253	-2.28906	2.38776	10.2559	-0.115293	10.25	-0.0999996	-2.00053	1.00027
10.1433	0.0678815	-2.2757	2.17312	10.137	-0.0462889	10.15	-0.0499992	-2.00053	1.00027
10.0465	0.180233	-2.08717	2.19297	10.0717	0.0165033	10.05	9.49949e-07	-2.00009	1.00004
9.9442	0.19334	-2.06924	1.9384	9.92833	0.0556031	9.95	0.0500011	-2.00006	1.00003
9.79152	0.273661	-2.73515	1.85595	9.8478	0.0279858	9.8	0.0500011	-3.00025	0
9.66011	0.23136	-2.70606	1.4999	9.65029	0.0372757	9.65	0.0500011	-3.00024	0
9.50885	0.301923	-2.93695	1.47623	9.54682	0.0997641	9.5	0.100001	-2.99825	0.999409
9.36447	0.279102	-2.92004	1.22096	9.33515	0.138463	9.35	0.15	-2.99825	0.999409
9.27961	0.353569	-2.1371	1.2825	9.46113	0.134275	9.25	0.15	-1.81915	0
9.16579	0.313917	-2.11843	0.991865	9.13787	0.161547	9.15	0.15	-1.81913	0
9.00191	0.354731	-2.84394	0.93269	9.02723	0.196492	9	0.2	-2.99927	0.99976
8.85992	0.339467	-2.83664	0.768826	8.82128	0.250523	8.85	0.25	-2.99927	0.99976
8.70263	0.375384	-3.0009	0.753557	8.67607	0.247512	8.7	0.25	-2.99873	0
8.55567	0.34469	-2.98893	0.572962	8.54916	0.247046	8.55	0.25	-2.99871	0
8.41567	0.37754	-2.70726	0.590093	8.44086	0.253341	8.4	0.25	-2.72872	0
8.26718	0.346692	-2.70097	0.422736	8.2302	0.258614	8.25	0.25	-2.72871	0
8.11327	0.36488	-2.92185	0.404828	8.1066	0.204722	8.1	0.2	-2.99909	-0.9997
7.97071	0.278416	-2.90697	0.122854	7.94777	0.127954	7.95	0.15	-2.9991	-0.9997
7.81623	0.283685	-3.0242	0.116939	7.82213	0.149733	7.8	0.15	-3.00101	0
7.66506	0.233165	-3.02096	-0.0323443	7.63383	0.15164	7.65	0.15	-3.00099	0
7.52432	0.229379	-2.68081	-0.0295525	7.49691	0.101076	7.5	0.100001	-2.72698	-0.908982
7.37714	0.159479	-2.67826	-0.210136	7.35046	0.0656199	7.35	0.0500011	-2.72695	-0.908974
7.27312	0.144172	-2.19345	-0.218738	7.13188	-0.00451978	7.25	9.49949e-07	-2.00032	-1.00016
7.16426	0.0545577	-2.19179	-0.426916	7.14965	-0.0559868	7.15	-0.0499992	-2.0003	-1.00015
6.985	0.0381839	-2.72718	-0.405802	6.77233	-0.150907	7	-0.15	-2.72534	-1.8169
6.83763	-0.0879755	-2.72665	-0.679909	6.85872	-0.227918	6.85	-0.25	-2.72532	-1.81688
6.80429	-0.15769	-1.39931	-0.821769	6.70421	-0.347264	6.8	-0.349999	-1.00053	-2.00107
6.73427	-0.299686	-1.40902	-1.0884	6.74687	-0.441006	6.75	-0.449999	-1.00054	-2.00107
6.64076	-0.341274	-1.78395	-1.0229	6.72084	-0.550555	6.65	-0.549999	-2.00016	-2.00017
6.5478	-0.487601	-1.80641	-1.27403	6.54837	-0.624094	6.55	-0.65	-2.00016	-2.00017
6.51255	-0.589366	-1.02847	-1.46327	6.40088	-0.78131	6.5	-0.799999	-0.999884	-2.99963
6.45204	-0.783684	-1.07173	-1.7822	6.44859	-0.960126	6.45	-0.949999	-0.999884	-2.99963
6.42003	-0.89503	-0.780078	-1.89125	6.37766	-1.0844	6.4	-1.1	-0.999984	-2.99995
6.36822	-1.09209	-0.835272	-2.15944	6.35596	-1.24356	6.35	-1.25	-0.999969	-2.99992
6.38898	-1.25789	-0.173327	-2.45254	6.5527	-1.43518	6.35	-1.4	0	-3.00132
6.36799	-1.44909	-0.222862	-2.63083	6.35503	-1.55184	6.35	-1.55	0	-3.00129
6.35182	-1.58994	-0.272065	-2.6069	6.33086	-1.6454	6.35	-1.65	0	-1.81769
6.33628	-1.7387	-0.275663	-2.62044	6.34356	-1.7483	6.35	-1.75	0	-1.81769
6.36083	-1.91112	0.250295	-2.89795	6.34522	-1.96081	6.35	-1.95	0	-3.99976
6.36365	-2.08454	0.218388	-2.97155	6.34095	-2.12276	6.35	-2.15	0	-3.99972
6.35135	-2.20441	-0.0920435	-2.77828	6.3068	-2.23646	6.35	-2.25	0	-2
6.34585	-2.34668	-0.0955533	-2.78672	6.34785	-2.35274	6.35	-2.35	0	-1.99998
6.34273	-2.49346	0.0119489	-2.85742	6.26272	-2.46894	6.35	-2.5	0	-3
6.34476	-2.63682	0.0140776	-2.85817	6.36265	-2.64414	6.35	-2.65	0	-3
6.38192	-2.8302	0.589172	-3.25586	6.38105	-2.77438	6.4	-2.8	1.00003	-3.00012
6.42335	-2.9719	0.623272	-3.20169	6.461	-2.95066	6.45	-2.95	1.00003	-3.00009
6.48069	-3.16762	1.0035	-3.48312	6.50958	-3.15806	6.5	-3.15	0.999284	-3.99712
6.53141	-3.3455	1.00202	-3.49153	6.55345	-3.36165	6.55	-3.35	0.999284	-3.99712
6.55698	-3.48877	0.47623	-3.07368	6.64067	-3.46888	6.6	-3.45	0.909922	-1.81983
6.60662	-3.61521	0.546629	-2.96676	6.63536	-3.55462	6.65	-3.55	0.909917	-1.81984
6.65821	-3.79104	0.890686	-3.22462	6.70376	-3.69784	6.7	-3.7	0.999335	-2.99802
6.72689	-3.91038	0.962073	-3.11851	6.75151	-3.84595	6.75	-3.85	0.99934	-2.99802
6.75628	-4.06186	0.778381	-2.97686	6.65288	-3.91672	6.8	-4	0.908549	-2.72564
6.82074	-4.19322	0.839088	-2.89411	6.85764	-4.15466	6.85	-4.15	0.908537	-2.72561
6.84483	-4.32367	0.469134	-2.59718	6.9447	-4.2991	6.9	-4.25	0.90988	-1.81977
6.90556	-4.41335	0.56786	-2.46225	6.94846	-4.34203	6.95	-4.35	0.909876	-1.81975
6.96966	-4.56907	0.955128	-2.76387	7.09552	-4.55441	7	-4.5	1.00008	-3.00024
7.03067	-4.6853	0.993824	-2.70832	7.03506	-4.6461	7.05	-4.65	1.00008	-3.00024
7.12542	-4.86783	1.52214	-3.14557	7.25009	-4.88515	7.15	-4.8	1.99984	-2.99976
7.22822	-4.9869	1.59642	-3.04778	7.26242	-4.9318	7.25	-4.95	1.99984	-2.99976
7.2655	-5.09003	0.957932	-2.51314	7.33292	-5.08676	7.3	-5.05	1.00028	-2.00057
7.33063	-5.19142	1.00581	-2.45111	7.3521	-5.15533	7.35	-5.15	1.00028	-2.00056
7.38812	-5.32157	1.11066	-2.53779	7.40318	-5.28627	7.4	-5.3	1.00003	-3.00012
7.44396	-5.4474	1.11195	-2.53526	7.44098	-5.44336	7.45	-5.45	1.00004	-3.00012
7.50779	-5.58577	1.29174	-2.69091	7.46878	-5.50726	7.55	-5.55	1.99961	-1.99961
7.60284	-5.6839	1.37256	-2.5961	7.66561	-5.647	7.65	-5.65	1.9996	-1.9996
7.66412	-5.80511	1.23843	-2.48168	7.70927	-5.8194	7.7	-5.8	1.00027	-3.00084
7.72695	-5.93321	1.23752	-2.49038	7.75724	-5.96146	7.75	-5.95	1.00028	-3.00084
7.79157	-6.06393	1.38419	-2.61973	7.71187	-5.94164	7.85	-6.05	1.9998	-1.99981
7.88701	-6.16642	1.4524	-2.54463	7.95005	-6.14609	7.95	-6.15	1.9998	-1.9998
7.93687	-6.26857	1.07888	-2.21867	8.03808	-6.28852	8	-6.25	1.00004	-2.00008
8.00528	-6.36467	1.11597	-2.17922	8.04346	-6.35767	8.05	-6.35	1.00004	-2.00008
8.10671	-6.52029	1.73646	-2.72291	8.1071	-6.48544	8.15	-6.5	1.99951	-2.99928
8.20625	-6.64682	1.76694	-2.69568	8.25742	-6.66007	8.25	-6.65	1.9995	-2.99925
8.2567	-6.74392	1.04239	-2.04876	8.38768	-6.7963	8.3	-6.75	0.90921	-1.81841
8.31554	-6.8573	1.04503	-2.04976	8.33159	-6.8699	8.35	-6.85	0.90921	-1.81841
8.41054	-7.00067	1.4309	-2.39644	8.58336	-7.15056	8.4	-7	1.0001	-3.00036
8.47129	-7.13355	1.40177	-2.43021	8.45779	-7.15285	8.45	-7.15	1.00011	-3.00036
8.53676	-7.25354	1.49859	-2.52063	8.37938	-7.10665	8.55	-7.25	1.99907	-1.99908
8.62524	-7.36437	1.53459	-2.48089	8.647	-7.3454	8.65	-7.35	1.99908	-1.99908
8.71004	-7.4958	1.57797	-2.52097	8.76035	-7.57239	8.7	-7.5	1.00058	-3.00174
8.77628	-7.6368	1.54381	-2.55968	8.76121	-7.66039	8.75	-7.65	1.00057	-3.00171
8.82022	-7.72693	1.08657	-2.12261	8.81118	-7.75569	8.8	-7.75	0.999844	-1.99968
8.86716	-7.83916	1.06813	-2.13941	8.84363	-7.83628	8.85	-7.85	0.999844	-1.99968
8.98258	-8.01398	1.80419	-2.84844	9.07758	-8.1058	8.95	-8	2.00017	-3.00024
9.06788	-8.16037	1.79195	-2.85944	9.05238	-8.15838	9.05	-8.15	2.00014	-3.00021
9.10955	-8.24853	1.18335	-2.26033	9.05557	-8.22632	9.1	-8.25	0.998905	-1.99781
9.16739	-8.36136	1.18073	-2.26041	9.15492	-8.35136	9.15	-8.35	0.998886	-1.99779
9.23842	-8.49129	1.18874	-2.26807	9.30408	-8.57245	9.2	-8.5	0.908863	-2.72657
9.28712	-8.63226	1.14513	-2.3108	9.2543	-8.64461	9.25	-8.65	0.908855	-2.72655
9.33961	-8.74948	1.1368	-2.30261	9.15971	-8.67035	9.3	-8.8	0.909475	-2.72841
9.37637	-8.90504	1.06717	-2.37682	9.35164	-8.95148	9.35	-8.95	0.909466	-2.72839
9.45903	-9.05906	1.38562	-2.70974	9.47941	-9.179	9.4	-9.1	0.999765	-2.99935
9.49948	-9.22145	1.31024	-2.78081	9.44272	-9.24111	9.45	-9.25	0.999774	-2.99934
9.53525	-9.32555	0.784102	-2.21303	9.53008	-9.38561	9.5	-9.35	0.908962	-1.81792
9.57937	-9.44527	0.787317	-2.20831	9.5752	-9.43724	9.55	-9.45	0.908954	-1.8179
9.63338	-9.57985	0.929015	-2.35981	9.60163	-9.60777	9.6	-9.6	0.909988	-2.72996
9.66193	-9.73128	0.869298	-2.41633	9.62903	-9.75552	9.65	-9.75	0.909971	-2.72993
9.7212	-9.8795	1.02435	-2.58813	9.69155	-9.89958	9.7	-9.9	0.907972	-2.7239
9.76468	-10.0341	0.99014	-2.61946	9.74482	-10.046	9.75	-10.05	0.907972	-2.72391
9.79079	-10.1412	0.668215	-2.25609	9.69256	-10.1336	9.75	-10.2	0	-2.73106
9.79238	-10.2998	0.573942	-2.34472	9.75264	-10.3488	9.75	-10.35	0	-2.73105
9.85432	-10.4647	1.01865	-2.86602	9.82419	-10.5024	9.8	-10.5	1	-2.99999
9.87844	-10.6313	0.948017	-2.92702	9.83234	-10.6514	9.85	-10.65	0.999994	-2.99996
9.90761	-10.7508	0.728923	-2.66131	9.825	-10.7525	9.85	-10.8	0	-3.00047
9.90622	-10.9179	0.627933	-2.74912	9.85033	-10.9603	9.85	-10.95	0	-3.00048
9.90791	-11.0053	0.118522	-2.11324	9.91881	-11.1448	9.85	-11.05	0	-1.9956
9.89309	-11.1292	0.0632105	-2.15968	9.86057	-11.1502	9.85	-11.15	0	-1.99559
9.90536	-11.2621	0.209406	-2.34367	9.83851	-11.2795	9.85	-11.3	0	-2.73184
9.88522	-11.4177	0.125146	-2.41291	9.83839	-11.4483	9.85	-11.45	0	-2.73182
9.8901	-11.5366	0.117483	-2.40286	9.79654	-11.5922	9.8	-11.6	-0.998566	-2.9957
9.8417	-11.7011	-0.0268876	-2.51732	9.75592	-11.7487	9.75	-11.75	-0.998566	-2.99569
9.84687	-11.8514	0.0640554	-2.64207	9.77699	-11.9246	9.75	-11.9	0	-2.73084
9.81498	-12.024	-0.0299828	-2.71325	9.75861	-12.0491	9.75	-12.05	0	-2.73085
9.78099	-12.1137	-0.480815	-2.07738	9.63743	-12.1863	9.65	-12.2	-1.81598	-2.72396
9.67823	-12.2866	-0.683973	-2.22738	9.56514	-12.3446	9.55	-12.35	-1.81597	-2.72396
9.61092	-12.3452	-1.15489	-1.52298	9.47157	-12.4849	9.45	-12.45	-1.82132	-1.82133
9.46736	-12.4875	-1.36835	-1.67315	9.34752	-12.5408	9.35	-12.55	-1.82131	-1.82131
9.40289	-12.6031	-1.22826	-1.89481	9.32154	-12.7193	9.3	-12.65	-0.908038	-1.81606
9.30026	-12.7306	-1.32083	-1.95472	9.24151	-12.7411	9.25	-12.75	-0.908029	-1.81605
9.18735	-12.7425	-1.92185	-0.96399	9.04013	-12.7738	9.05	-12.85	-3.64007	-1.82004
8.9796	-12.8663	-2.19532	-1.1425	8.83995	-12.9425	8.85	-12.95	-3.64007	-1.82003
8.86664	-12.9136	-2.25842	-1.02838	8.73518	-13.0163	8.75	-13	-1.9959	-0.997948
8.70613	-12.9967	-2.38574	-1.10735	8.6395	-13.0341	8.65	-13.05	-1.9959	-0.997948
8.56578	-13.0287	-2.5391	-0.816539	8.48414	-13.0416	8.5	-13.1	-2.73149	-0.910502
8.38727	-13.1003	-2.64508	-0.881703	8.34268	-13.1451	8.35	-13.15	-2.73146	-0.910485
8.2422	-13.1494	-2.64765	-0.876216	8.19497	-13.1991	8.2	-13.2	-2.72385	-0.907955
8.07823	-13.2102	-2.69721	-0.906175	8.06107	-13.2364	8.05	-13.25	-2.72383	-0.907947
7.91549	-13.2099	-2.94281	-0.391541	7.88931	-13.1791	7.9	-13.25	-2.72673	0
7.75267	-13.233	-2.94582	-0.394642	7.75593	-13.2425	7.75	-13.25	-2.72673	0
7.57995	-13.2219	-3.08003	-0.103971	7.52542	-13.1457	7.6	-13.25	-2.72991	0
7.42379	-13.2225	-3.04607	-0.0899546	7.44992	-13.2329	7.45	-13.25	-2.72991	0
7.23611	-13.1492	-3.41351	0.74868	7.19347	-13.1392	7.25	-13.2	-3.63887	0.909723
7.04287	-13.1154	-3.43089	0.733531	7.05468	-13.1604	7.05	-13.15	-3.63887	0.909723
6.86921	-13.1416	-3.13656	0.0208916	6.90569	-13.1515	6.9	-13.15	-2.72312	0
6.71027	-13.1345	-3.10014	0.0359769	6.73255	-13.1364	6.75	-13.15	-2.72312	0
6.56523	-13.1496	-3.09826	0.0377743	6.69426	-13.3705	6.6	-13.15	-3.00475	0
6.41724	-13.1448	-3.08052	0.0450699	6.42749	-13.1436	6.45	-13.15	-3.00472	0
6.26433	-13.1272	-3.17837	0.321959	6.4246	-13.2048	6.35	-13.1	-1.9976	0.998786
6.16483	-13.0844	-3.0191	0.386765	6.2503	-13.0552	6.25	-13.05	-1.99758	0.998786
6.00075	-13.0536	-3.10199	0.620579	6.162	-13.1569	6.1	-13	-2.72732	0.909111
5.88583	-12.9929	-2.95226	0.683532	5.95166	-12.9396	5.95	-12.95	-2.72732	0.909111
5.71981	-12.9402	-3.00645	0.835386	5.78184	-12.8825	5.8	-12.9	-2.72895	0.909657
5.59685	-12.8753	-2.89327	0.88058	5.64785	-12.8416	5.65	-12.85	-2.72896	0.909648
5.43243	-12.7936	-3.03073	1.28994	5.54035	-12.7925	5.55	-12.75	-1.81808	1.81809
5.34106	-12.6922	-2.83046	1.36367	5.43842	-12.6552	5.45	-12.65	-1.81809	1.81809
5.18211	-12.5976	-2.92003	1.63106	5.33087	-12.5965	5.3	-12.55	-2.7236	1.81575
5.06698	-12.4886	-2.79812	1.67695	5.12059	-12.4527	5.15	-12.45	-2.72358	1.81572
4.92424	-12.4286	-2.73632	1.49141	5.13793	-12.5907	5.05	-12.35	-1.81967	1.81966
4.85873	-12.3104	-2.50925	1.57676	4.95241	-12.2277	4.95	-12.25	-1.81967	1.81967
4.7098	-12.177	-2.67773	2.09561	4.81467	-12.1072	4.85	-12.1	-1.81844	2.72766
4.65017	-12.0266	-2.44429	2.1798	4.75144	-11.9561	4.75	-11.95	-1.81844	2.72767
4.52281	-11.9441	-2.26811	1.63825	4.6829	-11.7433	4.7	-11.85	-0.909557	1.8191
4.52137	-11.8092	-1.94221	1.74941	4.67603	-11.7496	4.65	-11.75	-0.909553	1.81911
4.40838	-11.692	-2.03741	2.02617	4.61619	-11.6508	4.6	-11.6	-0.907782	2.72335
4.41105	-11.5354	-1.73249	2.13689	4.5432	-11.4431	4.55	-11.45	-0.907778	2.72334
4.28849	-11.3447	-2.02052	2.93	4.48104	-11.1618	4.5	-11.25	-0.910253	3.64099
4.29735	-11.1392	-1.7044	3.0435	4.44374	-11.0696	4.45	-11.05	-0.910253	3.64099
4.24758	-11.0778	-1.20847	1.75006	4.46178	-10.9843	4.45	-10.95	0	1.81804
4.30057	-10.9363	-0.894127	1.86713	4.4464	-10.8663	4.45	-10.85	0	1.81805
4.27405	-10.8786	-0.788605	1.61807	4.60972	-11.1274	4.45	-10.75	0	1.81614
4.33181	-10.7453	-0.520532	1.73036	4.43858	-10.6346	4.45	-10.65	0	1.81614
4.25585	-10.5631	-0.972496	2.75966	4.43099	-10.4242	4.45	-10.45	0	3.6396
4.31896	-10.3602	-0.665082	2.89271	4.44616	-10.2449	4.45	-10.25	0	3.6396
4.30682	-10.2403	-0.421108	2.37659	4.52156	-10.1192	4.5	-10.1	0.910021	2.73005
4.4095	-10.0538	-0.0910271	2.52545	4.55225	-9.94382	4.55	-9.95	0.910013	2.73003
4.39732	-9.91645	-0.128587	2.59326	4.5897	-9.73456	4.6	-9.8	0.999085	2.99725
4.50309	-9.73633	0.163817	2.73214	4.64586	-9.65356	4.65	-9.65	0.99908	2.99724
4.54939	-9.62205	0.554186	2.06725	4.61159	-9.38621	4.7	-9.55	0.910095	1.82021
4.64784	-9.4789	0.728994	2.15278	4.7442	-9.45683	4.75	-9.45	0.910091	1.82018
4.67361	-9.35926	0.65354	2.27103	4.80746	-9.23434	4.85	-9.3	1.99828	2.99743
4.80206	-9.2005	0.898912	2.40228	4.94202	-9.15915	4.95	-9.15	1.99826	2.99739
4.84123	-9.06183	0.788493	2.55887	5.03379	-9.03255	5	-9	0.908384	2.72514
4.95811	-8.88292	0.976187	2.66892	5.06039	-8.84271	5.05	-8.85	0.908384	2.72514
5.07109	-8.7868	1.44896	2.03941	5.21058	-8.83852	5.15	-8.75	1.81679	1.8168
5.1936	-8.65354	1.55613	2.10312	5.26598	-8.6555	5.25	-8.65	1.81679	1.8168
5.26643	-8.52967	1.44322	2.23918	5.33786	-8.49992	5.35	-8.5	1.82017	2.73024
5.38269	-8.38452	1.53638	2.3036	5.43516	-8.36367	5.45	-8.35	1.82015	2.73022
5.49422	-8.27782	1.75395	2.05595	5.58025	-8.28767	5.55	-8.25	1.81852	1.81852
5.61006	-8.15523	1.80125	2.08637	5.65225	-8.1686	5.65	-8.15	1.8185	1.8185
5.73282	-8.05976	1.96009	1.91731	5.83663	-8.14888	5.75	-8.05	1.81752	1.81753
5.83211	-7.95862	1.93945	1.90333	5.81186	-7.95139	5.85	-7.95	1.81752	1.81752
5.94521	-7.86089	1.9669	1.87423	5.99151	-7.92468	5.95	-7.85	1.8194	1.8194
6.05268	-7.75727	1.96577	1.87504	6.04627	-7.74932	6.05	-7.75	1.81941	1.8194
6.11725	-7.62439	1.62478	2.19789	6.05883	-7.47931	6.15	-7.6	1.81742	2.72613
6.23435	-7.47882	1.69462	2.26587	6.26179	-7.43797	6.25	-7.45	1.8174	2.72611
6.38735	-7.37872	2.28551	1.75725	6.3458	-7.29797	6.4	-7.35	2.7248	1.81653
6.53088	-7.266	2.32958	1.80188	6.55234	-7.24441	6.55	-7.25	2.72477	1.81651
6.6718	-7.17051	2.46283	1.69902	6.61964	-7.17343	6.65	-7.2	1.81957	0.909789
6.77706	-7.10728	2.38826	1.61544	6.74556	-7.15305	6.75	-7.15	1.81957	0.909785
6.91476	-7.0221	2.4399	1.57558	6.91901	-7.04822	6.9	-7.05	2.72946	1.81964
7.05313	-6.93312	2.44967	1.58357	7.06886	-6.94012	7.05	-6.95	2.72946	1.81964
7.14535	-6.82909	2.04667	1.86914	7.12574	-6.81829	7.15	-6.85	1.81554	1.81554
7.25452	-6.73052	2.03774	1.85731	7.25262	-6.73852	7.25	-6.75	1.81554	1.81554
7.35626	-6.62318	1.95773	1.91236	7.30586	-6.61905	7.35	-6.65	1.82007	1.82007
7.45878	-6.52497	1.94496	1.89406	7.45762	-6.53827	7.45	-6.55	1.82005	1.82005
7.63693	-6.44466	2.6598	1.43764	7.59546	-6.48319	7.6	-6.5	2.72628	0.908764
7.75952	-6.39736	2.60073	1.35182	7.74315	-6.44913	7.75	-6.45	2.72628	0.908764
7.87849	-6.31658	2.33596	1.5107	7.8486	-6.40709	7.85	-6.4	1.81656	0.908285
7.97778	-6.27495	2.26326	1.39887	7.9584	-6.34152	7.95	-6.35	1.81656	0.908281
8.10244	-6.1977	2.27677	1.39087	8.05398	-6.23227	8.1	-6.25	2.73006	1.82003
8.227	-6.12635	2.27386	1.37924	8.24773	-6.1485	8.25	-6.15	2.73005	1.82003
8.36251	-6.05124	2.42766	1.29455	8.32369	-5.98136	8.4	-6.05	2.72692	1.81795
8.51384	-5.95769	2.46997	1.35661	8.55156	-5.93992	8.55	-5.95	2.7269	1.81794
8.60939	-5.87367	2.04848	1.57055	8.63806	-5.84559	8.65	-5.85	1.81844	1.81844
8.73393	-5.77041	2.07686	1.61687	8.7543	-5.75242	8.75	-5.75	1.81843	1.81843
8.88675	-5.69376	2.40475	1.45809	9.00947	-5.71389	8.9	-5.65	2.72464	1.81643
9.03843	-5.58217	2.45135	1.54278	9.06113	-5.54128	9.05	-5.55	2.72465	1.81643
9.13753	-5.49066	2.09413	1.69778	9.13937	-5.44533	9.15	-5.45	1.81916	1.81918
9.26103	-5.37697	2.1161	1.75081	9.24452	-5.3352	9.25	-5.35	1.81916	1.81916
9.37957	-5.27771	2.22116	1.70818	9.26221	-5.25032	9.35	-5.3	1.81895	0.909466
9.47978	-5.2202	2.17041	1.6087	9.43645	-5.25801	9.45	-5.25	1.81894	0.90947
9.561	-5.12917	1.63177	1.82393	9.71784	-5.19928	9.55	-5.1	1.81986	2.72981
9.66159	-5.00155	1.65975	1.89587	9.64908	-4.9531	9.65	-4.95	1.81987	2.72981
9.75662	-4.89454	1.77925	1.85332	9.67182	-4.82288	9.75	-4.85	1.81736	1.81735
9.86279	-4.77397	1.79928	1.90287	9.86682	-4.74721	9.85	-4.75	1.81736	1.81735
9.95706	-4.66822	1.76351	1.91491	9.94653	-4.64316	9.95	-4.65	1.81806	1.81805
10.0591	-4.55317	1.77488	1.9413	10.0706	-4.54316	10.05	-4.55	1.81805	1.81805
10.2341	-4.45787	2.4771	1.72604	10.4074	-4.52899	10.2	-4.45	2.72609	1.8174
10.3683	-4.36188	2.47374	1.72749	10.3431	-4.35107	10.35	-4.35	2.72606	1.81737
10.3787	-4.25964	1.11269	2.10176	10.3837	-4.17982	10.4	-4.2	0.908945	2.72688
10.4512	-4.11309	1.13917	2.18418	10.4578	-4.07071	10.45	-4.05	0.908953	2.72687
10.572	-3.99512	1.81362	2.00988	10.5531	-3.94939	10.55	-3.95	1.81903	1.81904
10.6732	-3.87079	1.81922	2.04523	10.6424	-3.84126	10.65	-3.85	1.81902	1.81903
10.7498	-3.75359	1.69287	2.0745	10.6157	-3.63689	10.75	-3.7	1.81931	2.72896
10.8554	-3.59767	1.72201	2.18568	10.8572	-3.53957	10.85	-3.55	1.81931	2.72896
10.8884	-3.48759	1.21879	2.27975	10.8149	-3.35552	10.9	-3.4	0.999745	2.99928
10.9604	-3.32505	1.24557	2.40772	10.9372	-3.24816	10.95	-3.25	0.999754	2.99928
11.0702	-3.18345	1.86378	2.31285	10.9078	-3.10703	11.05	-3.15	1.81764	1.81765
11.1687	-3.05998	1.85684	2.30171	11.135	-3.05697	11.15	-3.05	1.81763	1.81764
11.2019	-2.93803	1.12704	2.40067	11.1507	-2.87978	11.2	-2.9	0.909657	2.72896
11.2684	-2.78067	1.13738	2.46771	11.2571	-2.74346	11.25	-2.75	0.909648	2.72893
11.1932	-2.6721	-0.411356	2.64141	11.2614	-2.58697	11.2	-2.6	-0.998725	2.99617
11.1759	-2.50692	-0.402509	2.72775	11.1393	-2.45312	11.15	-2.45	-0.998725	2.99616
11.2421	-2.345	0.649972	2.63043	11.2346	-2.28949	11.2	-2.3	0.908813	2.72643
11.2768	-2.18818	0.649075	2.66148	11.239	-2.16508	11.25	-2.15	0.908805	2.7264
11.3177	-2.03578	0.848744	2.65246	11.1623	-1.9797	11.3	-2	0.909855	2.72956
11.3647	-1.87478	0.849875	2.69226	11.3424	-1.85113	11.35	-1.85	0.909847	2.72953
